P 78.2305, -50.5123, 0.0019, 255, 0, 0, 3, to_The_Steamfont_Mountains
P 35.8611, -47.1226, 0.0019, 240, 0, 0, 2, Succor
P 100.0000, -498.0000, -24.2000, 255, 0, 0, 2, Priest_of_Discord
P 852.0000, -1348.0000, -31.9989, 255, 210, 0, 2, Clockwork_(Banker)
P -156.5009, -773.5012, -27.9989, 128, 0, 128, 2, Loom
P 706.1109, -1252.5191, -27.9979, 128, 0, 128, 2, Forge
P 913.3502, -1250.0541, -31.7980, 128, 0, 128, 2, Brew_Barrel
P 141.5189, -730.0863, -55.9666, 128, 0, 128, 2, Pottery_Wheel
P 148.6626, -725.7348, -55.9666, 128, 0, 128, 2, Kiln
P -146.0000, -761.0000, -27.9989, 0, 128, 0, 2, clockwork_(Tailoring)
P -153.0000, -733.0000, -27.9989, 0, 128, 0, 2, clockwork_(Fishing)
P -172.0000, -771.0000, -27.9989, 0, 128, 0, 2, clockwork_(Armor)
P -38.0000, -500.0000, -26.1000, 0, 0, 0, 2, Soulbinder_Toglonoit
P 1039.0000, -1120.0000, 30.8800, 0, 128, 0, 2, Clockwork_Merchant_(Enchanter_Spells)
P 115.0000, -484.0000, -27.9989, 0, 128, 0, 2, clockwork_(General)
P 173.0000, -750.0000, -31.9989, 0, 128, 0, 2, clockwork_(Pottery)
P 189.0000, -1469.0000, -110.0000, 0, 128, 0, 2, Rylin_Coil_(Tinkering)
P 284.0000, -904.0000, -21.9989, 0, 128, 0, 2, clockwork_(General)
P 299.0000, -886.0000, -21.9989, 0, 128, 0, 2, clockwork_(Baking)
P 301.0000, -891.0000, -31.9989, 0, 128, 0, 2, clockwork_(Alchemy)
P 356.0000, -2149.0000, -183.9364, 0, 128, 0, 2, clockwork_(Cleric_Spells)
P 40.2666, -950.0573, -39.9666, 0, 128, 0, 2, clockwork_(Armor)
P 38.9360, -973.9401, -39.9666, 0, 128, 0, 2, clockwork_(Armor)
P 371.0000, -2083.0000, -183.9364, 0, 128, 0, 2, clockwork_(General_Spells)
P 373.0000, -2149.0000, -182.0000, 0, 128, 0, 2, Clockwork_Merchant_(Cleric_Spells)
P 395.0000, -2081.0000, -182.0000, 0, 128, 0, 2, Clockwork_Merchant_(Necromancer_Spells)
P 410.0000, -2098.0000, -182.0000, 0, 128, 0, 2, Clockwork_Merchant_(Necromancer_Spells)
P 444.0000, -2112.0000, -183.9364, 0, 128, 0, 2, clockwork_(Cleric_Spells)
P 444.0000, -2148.0000, -181.9600, 0, 128, 0, 2, Clockwork_Merchant_(Necromancer_Spells)
P 474.0000, -866.0000, -30.1000, 0, 128, 0, 2, Drekon_Vebnebber_(General)
P 56.5373, -982.9071, -23.9979, 0, 128, 0, 2, clockwork_(Armor)
P 539.0000, -2163.0000, -182.0000, 0, 128, 0, 2, Clockwork_SmithXIII_(Smithing)
P 61.8995, -967.2215, -23.9979, 0, 128, 0, 2, clockwork_(Armor)
P 705.0000, -1221.0000, -27.9989, 0, 128, 0, 2, clockwork_(Smithing)
P 711.9949, -1332.2199, -27.9979, 0, 128, 0, 2, clockwork_(Weapons)
P 706.2413, -1232.5209, -27.9979, 0, 128, 0, 2, clockwork_(Armor)
P 720.0000, -1195.0000, -26.0000, 0, 127, 127, 2, Tesil_Gludien_(Tailoring)
P 734.4432, -1325.9688, -27.9979, 0, 128, 0, 2, clockwork_(Smithing)
P 745.0000, -1170.0000, -27.9989, 0, 128, 0, 2, clockwork_(Smithing)
P 759.0000, -1174.0000, -27.9989, 0, 128, 0, 2, clockwork_(Armor)
P 771.6077, -1239.6369, -27.9979, 0, 128, 0, 2, clockwork_(General)
P 777.0000, -1265.0000, -27.9989, 0, 128, 0, 2, clockwork_(Satchels)
P 776.3383, -1323.7011, -27.9979, 0, 128, 0, 2, clockwork_(General)
P 879.0000, -1250.0000, -31.9989, 0, 128, 0, 2, clockwork_(Fletching)
P 884.0000, -1315.0000, -31.9989, 0, 128, 0, 2, clockwork_(Weapons)
P 884.3853, -1345.4705, -31.9979, 0, 128, 0, 2, clockwork_(Jewelcrafting)
P 886.0000, -1285.0000, -31.9989, 0, 128, 0, 2, clockwork_(Armor)
P 915.0000, -1284.0000, -31.9989, 0, 128, 0, 2, clockwork_(General)
P 917.0000, -1332.0000, -31.9989, 0, 128, 0, 2, clockwork_(Jewelcrafting)
P 924.0000, -1265.0000, -31.9989, 0, 128, 0, 2, clockwork_(Brewing)
P 945.0000, -1245.0000, -31.9989, 0, 128, 0, 2, clockwork_(General)
P 952.0000, -1347.0000, -31.9989, 0, 128, 0, 2, clockwork_(Jewelcrafting)
P 576.0000, -1191.0000, -33.1000, 128, 128, 128, 2, Iony_Gredlong
P 427.0000, -2147.0000, -182.0000, 128, 128, 128, 2, Garret_Zethkog
P 430.0000, -848.0000, -30.1000, 128, 128, 128, 2, Baxok_Curhunter
P 440.0000, -847.0000, -30.1000, 128, 128, 128, 2, Narron_Jenork
P 578.0000, -2024.0000, -182.0000, 128, 128, 128, 2, Rilgor_Plegnog
P 589.0000, -2022.0000, -182.0000, 128, 128, 128, 2, Vaenor_Husga
P 594.0000, -2031.0000, -182.0000, 128, 128, 128, 2, Velena_Corgtec
P 598.0000, -1240.0000, -54.0000, 128, 128, 128, 2, Welno_Tanlonikan_(Rogue_GM)
P 614.0000, -1169.0000, -54.0000, 128, 128, 128, 2, Lobal_Postugger
P 537.0000, -1183.0000, -40.0000, 128, 128, 128, 2, Digetha_Chogaller
P 977.0000, -1029.0000, 30.8000, 128, 128, 128, 2, Larkon_Theardor
P 978.0000, -1096.0000, 29.8000, 128, 128, 128, 2, Juline_Urncaller
P 989.0000, -1049.0000, 29.8800, 128, 128, 128, 2, Tobon_Starpyre
P 502.0000, -2108.0000, -182.0000, 128, 128, 128, 2, Naygog_Mitope
P 508.0000, -2069.0000, -182.0000, 128, 128, 128, 2, Kaxon_Frennor
P 406.0000, -2101.0000, -182.0000, 128, 128, 128, 2, Eonis_Mournunder
P 1007.0000, -1046.0000, 29.8800, 128, 128, 128, 2, Useah_Harnbock
P 1009.0000, -1076.0000, 29.8800, 128, 128, 128, 2, Nonnie_Texaker
P 1025.0000, -1108.0000, 29.8800, 128, 128, 128, 2, Wuggan_Azusphere
P 1038.0000, -1081.0000, 29.8000, 128, 128, 128, 2, Xalirilan_Zarinokosalio
P 453.0000, -2061.0000, -182.0000, 128, 128, 128, 2, Derthix_Gibblix
P 468.0000, -836.0000, -30.1000, 128, 128, 128, 2, Jarah_Reskan
P 469.0000, -902.0000, -30.1000, 128, 128, 128, 2, Manik_Compolten
P 531.0000, -1231.0000, -38.0000, 128, 128, 128, 2, Lewis_Reldnok
P 387.0000, -2082.0000, -182.0000, 128, 128, 128, 2, Dewis_Caneal
P 387.0000, -2100.0000, -182.0000, 128, 128, 128, 2, Evah_Xokez
P 820.4697, -1299.5430, -39.9666, 255, 255, 255, 2, Ak`Anon_Zoo
P 108.0157, -779.5540, -31.9979, 240, 240, 0, 2, Ramp_Up
P 152.1837, -757.6340, -15.9979, 0, 127, 0, 2, a_clockwork_miner_(Smithing)
P 733.8126, -1225.3461, -27.9979, 128, 0, 128, 2, Clockwork_Forge_(Cultural)
P 710.0000, -1313.0000, -26.1000, 0, 240, 0, 2, Zenrel_Ottonoggin_(Parcels_and_General)
P 769.0000, -1254.0000, -24.8000, 0, 0, 0, 2, Lyra_Lyrestringer
P 696.2280, -1293.8278, -27.9979, 127, 127, 127, 2, Maldeny_Gredlong_(GM_Cleric)
P 296.6035, -1939.1271, -142.8119, 240, 240, 240, 2, Paddle_Wheel
P 230.0000, -2020.0000, -194.0000, 0, 0, 0, 2, Sanfyrd_Featherhead
P 261.0000, -2009.0000, -194.0000, 0, 0, 0, 2, Silox_Azrix
P 290.9727, -1967.7050, -131.4580, 240, 240, 240, 2, Waterfall
P 295.4211, -1739.4490, -138.2088, 240, 240, 240, 2, Underwater_Passage
P 591.0000, -2171.0000, -182.0000, 0, 0, 0, 2, Mimtia_Zethkog
P 628.2001, -2022.8814, -182.7215, 0, 0, 0, 2, Red_V
P 867.0000, -1386.0000, -38.0000, 0, 0, 0, 2, Gilipus
P 866.0000, -1364.0000, -30.1000, 0, 240, 0, 2, Clockwork_XXVD
P 914.0000, -1239.0000, -28.8000, 0, 0, 0, 2, Drigaz_Grumblegrowl
P 854.0000, -1178.0000, -38.0000, 0, 0, 0, 2, Golsodix_Biroboddle
P 814.0000, -1336.0000, -62.0000, 0, 0, 0, 2, Kimble_Nogflop
P 939.3377, -1096.7554, 28.0019, 0, 0, 0, 2, Celine
P 608.0000, -1237.0000, -54.0000, 127, 127, 127, 2, Morlan_Tanlonikan
P 557.4249, -1179.1796, -55.9666, 0, 127, 0, 2, clockwork_(Weapons)
P 572.2221, -1235.5329, -41.9666, 240, 240, 0, 2, Fake_Wall
P 550.0846, -1238.6817, -41.9666, 0, 127, 0, 2, clockwork_(Cleric_Spells)
P 543.0241, -1240.2930, -41.9666, 0, 127, 0, 2, clockwork_(Cleric_Spells)
P 540.4206, -1224.8632, -41.9666, 0, 127, 0, 2, clockwork_(Cleric_Spells)
P 545.4050, -1221.9550, -41.9666, 0, 127, 0, 2, clockwork_(Cleric_Spells)
P 554.3786, -1181.9119, -41.9666, 0, 127, 0, 2, clockwork_(Cleric_Spells)
P 561.3072, -1195.9174, -41.9666, 0, 127, 0, 2, clockwork_(Cleric_Spells)
P 552.9313, -1197.2614, -41.9666, 0, 127, 0, 2, clockwork_(Weapons)
P 524.0000, -1392.0000, -81.0000, 0, 0, 0, 2, Guide_II
P 192.8209, -1482.3201, -111.9666, 0, 0, 0, 2, a_mechanic
P 218.2094, -1943.6032, -125.9353, 0, 0, 0, 2, a_mechanic
P 257.6988, -1991.8527, -125.9353, 0, 0, 240, 1, GS:_Old_Silver_Coin
P 401.7750, -2027.2537, -183.9353, 0, 127, 0, 2, a_spell_research_merchant_(Research)
P 406.4010, -2031.0352, -183.9353, 0, 127, 0, 2, a_spell_research_merchant_(Research)
P 410.9629, -2039.5640, -183.9353, 0, 127, 0, 2, clockwork_(Cleric_Spells)
P 399.0741, -2043.3406, -183.9353, 0, 127, 0, 2, a_spell_research_merchant_(Research)
P 393.0000, -2101.0000, -182.0000, 0, 127, 0, 2, Clockwork_Merchant_(Necromancer_Spells)
P 368.9964, -2152.3952, -183.9353, 0, 127, 0, 2, clockwork_(Cleric_Spells)
P 439.7529, -2130.9726, -183.9353, 127, 127, 127, 2, Valknor_Zethkog_(GM_Shadow_Knight)
P 428.4030, -2112.8195, -183.9353, 0, 127, 0, 2, clockwork_(Cleric_Spells)
P 453.0000, -2073.0000, -182.0000, 0, 0, 0, 2, Tilkzog_Mournunder
P 595.0000, -2162.0000, -182.0000, 0, 0, 0, 2, Rebbie_Romblerum
P 595.0000, -2163.0000, -182.0000, 0, 0, 0, 2, Windlebeck_Tobokog
P 516.0000, -2027.0000, -182.0000, 0, 0, 0, 2, Clockwork_VIIX
P 545.7472, -1993.3288, -183.9353, 0, 0, 0, 2, Clockwork_XXVIIC
P 428.0000, -1842.0000, -124.6000, 0, 0, 0, 2, Clockwork_XXVIIB
P 714.1975, -1255.3820, -27.9979, 0, 127, 0, 2, clockwork_(Weapons)
P 709.2866, -1212.9278, -27.9979, 0, 127, 0, 2, clockwork_(Armor)
P 712.0758, -1209.6857, -27.9979, 0, 127, 0, 2, clockwork_(Armor)
P 718.4841, -1218.7851, -27.9979, 0, 127, 0, 2, clockwork_(Armor)
P 744.4306, -1325.1215, -27.9979, 0, 127, 0, 2, clockwork_(Weapons)
P 759.5937, -1327.9372, -27.9979, 0, 127, 0, 2, clockwork_(Weapons)
P 734.0000, -1310.0000, -26.1000, 0, 0, 0, 2, Guide_III
P 778.0000, -1367.0000, -26.1000, 0, 0, 0, 2, Zigg_Flin
P 895.0000, -1299.0000, -30.1000, 0, 0, 0, 2, Clockwork_XVIE
P 866.7901, -1347.4152, -31.9979, 255, 210, 0, 2, clockwork_(Banker)
P 946.6514, -1241.0834, -31.9979, 0, 127, 0, 2, clockwork_(General)
P 777.0000, -1293.0000, -38.7000, 0, 0, 0, 2, Clockwork_IZ
P 797.0000, -1273.0000, -38.7000, 0, 0, 0, 2, Clockwork_IIIZ
P 809.0000, -1325.0000, -38.7000, 0, 0, 0, 2, Clockwork_IIZ
P 794.0000, -1335.0000, -62.7000, 0, 0, 0, 2, Clockwork_XXIIB
P 779.0000, -1307.0000, -12.7000, 0, 0, 0, 2, Clockwork_XXB
P 779.0000, -1281.0000, -12.7000, 0, 0, 0, 2, Clockwork_XXIB
P 1002.0000, -1073.0000, 29.8800, 0, 127, 0, 2, Clockwork_Merchant_(General_Spells)
P 1038.0000, -1073.0000, 29.8000, 0, 127, 0, 2, Clockwork_Merchant_(Magician_Spells)
P 1006.1666, -1131.5534, 29.0019, 240, 240, 240, 2, Library_Mechanamagica
P 1029.0000, -1103.0000, 29.8000, 0, 127, 0, 2, Clockwork_Merchant_(Magician_Spells)
P 1032.0000, -1099.0000, 29.8000, 0, 127, 0, 2, Clockwork_Merchant_(Magician_Spells)
P 1035.0000, -1094.0000, 29.8000, 0, 127, 0, 2, Clockwork_Merchant_(Magician_Spells)
P 975.0000, -1060.0000, 29.8800, 0, 127, 0, 2, Clockwork_Merchant_(Wizard_Spells)
P 979.0000, -1055.0000, 29.8800, 0, 127, 0, 2, Clockwork_Merchant_(Wizard_Spells)
P 983.0000, -1050.0000, 29.8800, 0, 127, 0, 2, Clockwork_Merchant_(Wizard_Spells)
P 1009.0615, -1052.6614, 28.0019, 0, 127, 0, 2, clockwork_(Enchanter_Supplies)
P 1009.4686, -1046.5214, 28.0019, 0, 127, 0, 2, clockwork_(Wizard_Supplies)
P 1033.0000, -1082.0000, 29.8000, 127, 127, 127, 2, Tergon_Brenclog
P 1042.5463, -1076.1459, 28.0019, 0, 127, 0, 2, clockwork_(Magician_Spells)
P 1016.6688, -1068.1536, 28.0019, 240, 240, 0, 2, Fake_Wall
P 992.0000, -1108.0000, 29.8800, 0, 127, 0, 2, Clockwork_Merchant_(Enchanter_Spells)
P 988.0000, -1108.0000, 29.8800, 0, 127, 0, 2, Clockwork_Merchant_(Enchanter_Spells)
P 981.0000, -1102.0000, 29.8000, 0, 127, 0, 2, Clockwork_Merchant_(Enchanter_Spells)
P 458.0000, -988.0000, -30.1000, 0, 0, 0, 2, Clockwork_XXXD
P 723.0000, -1166.0000, -29.7000, 0, 0, 0, 2, Clockwork_XVIIA
P 211.0000, -817.0000, -30.7000, 0, 0, 0, 2, Clockwork_XVA
P 201.9163, -817.8728, -31.9979, 0, 0, 0, 2, a_clockwork_receptionist
P 147.0000, -811.0000, -30.7000, 0, 0, 0, 2, Clockwork_XVIB
P 141.0000, -826.0000, -30.7000, 0, 0, 0, 2, Clockwork_XVIIIB
P 109.0000, -818.0000, -30.1000, 0, 0, 0, 2, Clockwork_XXIIIA
P 132.0000, -811.0000, -30.7000, 0, 0, 0, 2, Clockwork_XVIIB
P 125.0000, -764.0000, -30.1000, 0, 0, 0, 2, Clockwork_XXIA
P 154.0000, -760.0000, -30.1000, 0, 0, 0, 2, Clockwork_XVID
P 207.0000, -796.0000, -30.1000, 0, 0, 0, 2, Clockwork_XXE
P 192.0000, -729.0000, -54.0000, 0, 0, 0, 2, Clockwork_XXIVD
P 186.0000, -763.0000, -54.0000, 0, 0, 0, 2, Clockwork_XXVA
P 174.0000, -763.0000, -54.0000, 0, 0, 0, 2, Clockwork_XXVIC
P 210.0000, -788.0000, -54.0000, 0, 0, 0, 2, Watchman_Dool
P 171.0000, -827.0000, -70.0000, 0, 0, 0, 2, Watchman_Hodl
P 172.5915, -815.0058, -71.9666, 0, 0, 0, 2, Royal_Clerk_Palthen
P 143.0000, -827.0000, -70.0000, 0, 0, 0, 2, Watchman_Qiz
P 138.0000, -812.0000, -70.0000, 0, 0, 0, 2, Watchman_Lyl
P 209.0000, -805.0000, -70.0000, 0, 0, 0, 2, Clockwork_MX
P 205.0000, -809.0000, -70.0000, 0, 0, 0, 2, King_Akanon
P 119.0000, -722.0000, -14.1000, 0, 0, 0, 2, Clockwork_XIVE
P 142.8241, -760.0863, -15.9979, 0, 127, 0, 2, clockwork_(Pottery)
P 117.0000, -784.0000, 1.8000, 0, 0, 0, 2, Clockwork_XVIIIE
P 384.0000, -789.0000, -26.1000, 0, 0, 0, 2, Guide_I
P 373.0000, -602.0000, -26.1000, 0, 0, 0, 2, Guide_V
P 125.0000, -484.0000, -26.1000, 0, 0, 0, 2, Zapho_the_Ancient
P -144.0000, -662.0000, -26.1000, 0, 0, 0, 2, Guide_IV
P 696.2577, -1241.8937, -27.9979, 240, 240, 240, 2, Forge_of_Defiance
P 335.0000, -1979.0000, -124.6000, 0, 0, 0, 2, Clockwork_XXVIIIB
P 391.3634, -1954.8980, -125.9353, 0, 0, 0, 2, Clockwork_XXVIIC
P 223.0000, -1921.0000, -124.6000, 0, 0, 0, 2, Clockwork_XXIXB
P 242.0000, -1974.0000, -124.0000, 0, 0, 0, 2, Clockwork_XXVIIC
P 353.0000, -2045.0000, -180.0000, 0, 0, 0, 2, Clockwork_XVIIC
P 549.0042, -1269.1486, -41.9666, 240, 240, 240, 2, The_Abbey_of_Deep_Musing
P 467.9471, -947.7684, -31.9979, 240, 240, 240, 2, Gemchoper_Hall
P 201.5534, -849.1453, -26.9979, 240, 240, 240, 2, Ak`Anon_Palace
P -33.0000, -259.0000, -26.1000, 0, 0, 0, 2, Clockwork_XVE
P -9.0000, -256.0000, -26.1000, 0, 0, 0, 2, Clockwork_XXD
P -29.0000, -214.0000, -26.1000, 0, 0, 0, 2, Clockwork_XE
P -15.0000, -214.0000, -26.1000, 0, 0, 0, 2, Clockwork_XVD
P -35.0000, -248.0000, -26.1000, 0, 0, 0, 2, Clockwork_XXID
P -7.0000, -230.0000, -26.1000, 0, 0, 0, 2, Guide_VI
P -50.0000, -229.0000, 11.8000, 0, 0, 0, 2, Clockwork_XIE
P 45.0000, -238.0000, 11.2000, 0, 0, 0, 2, Clockwork_XIXA
P 19.8958, -8.6573, 0.0019, 0, 0, 0, 2, Exterminator_VIII
P -2.0000, -3.0000, 1.2000, 0, 0, 0, 2, Clockwork_XIB
P 16.0000, 20.0000, 1.8000, 0, 0, 0, 2, Clockwork_XIIE
P 31.0000, 16.0000, 1.2000, 0, 0, 0, 1, Clockwork_XIIB
P 117.0407, -723.0308, -31.9979, 128, 0, 128, 2, Oven
P 365.2016, -2035.2177, -180.4064, 240, 240, 240, 2, The_Mines_of_Malfunction
P 223.8500, -1965.6524, -124.3846, 240, 240, 240, 2, Steam_Generator
P 931.3707, -1246.8101, -30.4700, 240, 240, 240, 2, Merchants_Quarter
P 870.0390, -1356.7531, -30.4781, 240, 240, 240, 2, Ak`anon_Bank
