P 610.1487, -1164.6452, 0.0008, 255, 0, 0, 3, to_The_Field_of_Bone
P 641.0222, 73.6602, 0.0008, 255, 0, 0, 3, to_The_Swamp_of_No_Hope
P -286.0750, 69.2837, 1.0008, 255, 0, 0, 3, to_Cabilis_West
P 414.9791, -1355.2510, 0.0008, 255, 0, 0, 3, to_The_Field_of_Bone
P 444.8116, 261.3370, 0.0008, 255, 0, 0, 3, to_The_Swamp_of_No_Hope
P 89.0000, -394.0000, 3.7500, 255, 0, 0, 2, Priest_of_Discord
P 315.8710, -219.9069, -1.9988, 128, 0, 128, 2, Forge
P 12.6279, -685.5521, -1.9988, 128, 0, 128, 2, Brew_Barrel
P -147.5139, -522.2186, 2.0008, 128, 0, 128, 2, Oven
P 195.1627, -232.4902, -1.9988, 128, 0, 128, 2, Pottery_Wheel
P 25.5625, 531.0631, 55.9695, 128, 0, 128, 2, Iksar_Forge_(Cultural)
P 218.6512, -259.5939, -1.9988, 128, 0, 128, 2, Kiln
P 34.8210, 377.6644, 0.0008, 128, 0, 128, 2, Forge
P 83.5558, -49.9192, -1.9988, 128, 0, 128, 2, Loom
P -64.0000, -707.0000, -10.2000, 255, 210, 0, 2, Klok_Rakra
P -45.0000, -708.0000, -10.2000, 255, 210, 0, 2, Klok_Margar
P -11.0000, -348.0000, 4.7000, 0, 128, 0, 2, Rastok_(General)
P -156.0000, -659.0000, 5.7000, 0, 128, 0, 2, Klok_Ixmid_(Jewelcrafting)
P -157.0000, -638.0000, 5.7000, 0, 128, 0, 2, Klok_Oxmod_(Jewelcrafting)
P -158.0000, -593.0000, 5.7000, 0, 128, 0, 2, Klok_Gritchit_(Smithing)
P -159.0000, -551.0000, 5.7000, 0, 128, 0, 2, Klok_Sweetzie_(Baking)
P -162.0000, -531.0000, 5.7000, 0, 128, 0, 2, Klok_Unlar_(Baking)
P -21.0000, 540.0000, 59.7000, 0, 128, 0, 2, Smithy_Xzatik_(Smithing)
P -37.0000, 526.0000, 59.7000, 0, 128, 0, 2, Smithy_Bashdyn_(Armor)
P -48.0000, -351.0000, 4.7000, 0, 128, 0, 2, the_Court_Chronicler_(General)
P -8.0000, 511.0000, 59.7000, 0, 128, 0, 2, Smithy_Zern_(Smithing)
P 104.0000, -1000.0000, 45.7200, 0, 128, 0, 2, Squire_Gristle_(Shadow_Knight_Spells)
P 126.0000, -129.0000, 1.7000, 0, 128, 0, 2, Klok_Ephmir_(General)
P 132.0000, -53.0000, 2.1000, 0, 128, 0, 2, Klok_Scaznar_(Armor)
P 188.0000, -1026.0000, 60.0300, 0, 128, 0, 2, Zreezas_(Beastlord_Spells)
P 18.0000, -142.0000, 1.9000, 0, 128, 0, 2, Klok_Tempar_(Armor)
P 196.0000, -51.0000, 2.1000, 0, 128, 0, 2, Klok_Dytar_(General)
P 200.0000, -123.0000, 2.1000, 0, 128, 0, 2, Klok_Foxmyr_(Fishing)
P 201.0000, -253.0000, 2.1000, 0, 128, 0, 2, Klok_Hoga_(Pottery)
P 201.0000, 436.0000, 3.7000, 0, 128, 0, 2, Smithy_Krikt_(Smithing)
P 203.0000, -143.0000, 2.1000, 0, 128, 0, 2, Klok_Gogon_(Fletching)
P 214.0000, -386.0000, 5.7000, 0, 128, 0, 2, Klok_Mugruk_(Armor)
P 214.0000, 426.0000, 3.7000, 0, 128, 0, 2, Smithy_Vyx_(Weapons)
P 241.0000, 595.0000, 3.7000, 0, 128, 0, 2, War_Historian_Kobl_(General)
P 25.0000, -678.0000, 1.7000, 0, 128, 0, 2, Brewer_Prixal_(Brewing)
P 259.0000, -1126.0000, -24.2500, 0, 128, 0, 2, Grazik_Plaguebringer_(Shaman_Spells)
P 265.0000, -1000.0000, 45.7200, 0, 128, 0, 2, Squire_Rygle_(Shadow_Knight_Spells)
P 274.0000, -239.0000, 2.1000, 0, 128, 0, 2, Klok_Grots_(Pottery)
P 27.0000, 619.0000, 3.7000, 0, 128, 0, 2, Smithy_Ygen_(Weapons)
P 289.0000, -239.0000, 1.7000, 0, 127, 0, 2, Klok_Nalgoz_(Smithing)
P 292.0000, -1149.0000, -23.9400, 0, 128, 0, 2, Vessel_Spirit_Companion_(Shaman_Spells)
P 297.0000, -93.0000, 2.1000, 0, 128, 0, 2, Klok_Wartol_(Tailoring)
P 302.0000, -190.0000, 2.1000, 0, 128, 0, 2, Klok_Toren_(Smithing)
P 310.0000, 507.0000, 31.7000, 0, 128, 0, 2, Granthrow_(Weapons)
P 32.0000, 431.0000, 3.7000, 0, 128, 0, 2, Weaponsmith_Grugl_(Weapons)
P 37.0000, -667.0000, 2.1000, 0, 128, 0, 2, Klok_Sass_(Brewing)
P 468.0000, -450.0000, 3.1000, 0, 128, 0, 2, Klok_Wyga_(General)
P 6.0000, 524.0000, 59.7000, 0, 128, 0, 2, Smithy_Qag_(Weapons)
P 6.0000, 638.0000, 3.7000, 0, 128, 0, 2, Smithy_Phlegyl_(Armor)
P 7.0000, -58.0000, 2.2000, 0, 128, 0, 2, Klok_Vednir_(Satchels)
P 8.0000, -128.0000, 2.1000, 0, 128, 0, 2, Klok_Stitch_(Tailoring)
P 96.0000, -1134.0000, -23.9400, 0, 128, 0, 2, Lord_Vizaroth_(Shadowknight_Spells)
P -122.0000, -387.0000, 7.7000, 128, 128, 128, 2, Master_Raska
P -30.0000, 454.0000, 59.7000, 128, 128, 128, 2, Drill_Master_Vygan
P -37.0000, -458.0000, 4.7000, 128, 128, 128, 2, Master_Niska
P 123.0000, 247.0000, 31.7000, 128, 128, 128, 2, Drill_Master_Dal
P 124.0000, 657.0000, 20.7000, 128, 128, 128, 2, War_Baron_Eator
P 150.0000, -1005.0000, 46.0300, 128, 128, 128, 2, Lord_Qyzar
P 172.0000, -1062.0000, 46.0300, 128, 128, 128, 2, Lord_Korzin
P 188.0000, -1014.0000, 74.0300, 128, 128, 128, 2, Arch_Duke_Xog
P 46.0000, -1081.0000, -23.4900, 128, 128, 128, 2, Hierophant_Dexl
P 50.0000, -285.0000, 4.7000, 128, 128, 128, 2, Master_Bain
P 194.0000, -783.0000, 18.0600, 128, 128, 128, 2, Hierophant_Granix
P 188.0000, -1044.0000, 22.0600, 128, 128, 128, 2, Prime_Hierophant_Vek
P 29.0000, -420.0000, 6.7000, 128, 128, 128, 2, Grand_Master_Glox
P 204.0000, -1059.0000, 46.0300, 128, 128, 128, 2, #Prime_Patriarch_Vuzx
P 316.0000, 424.0000, 31.7000, 128, 128, 128, 2, Drill_Master_Kyg
P 26.0000, -720.0000, 3.7000, 0, 0, 0, 2, Soulbinder_Shakar
P 47.0000, -975.0000, 3.7500, 0, 240, 0, 2, Hierophant_Vjen_(Tribute_Master)
P 85.4908, -887.1688, 1.5427, 240, 240, 240, 2, Tink_N_Babble
P 84.0000, -913.0000, 18.5000, 0, 127, 0, 2, Klok_Poklon_(General)
P 65.7083, -909.6507, 4.3728, 150, 0, 150, 2, Brewing_Barrel
P -52.1888, -638.5679, 0.0018, 240, 240, 240, 2, The_Block
P 107.3722, -429.4684, 2.5288, 240, 240, 240, 2, The_Court_of_Pain
P 427.0000, -537.0000, 3.7500, 0, 240, 0, 2, Klok_Faziz_(Parcels_and_General)
P 975.6889, -581.1184, -23.8582, 240, 240, 0, 2, 1-Way_(Down)
P 300.0000, -982.0000, 3.7500, 0, 127, 0, 2, Pagnar_Vyng_(Tailoring)
P 168.1812, -1014.7436, 15.0018, 240, 240, 0, 2, Teleport_to_Second_Floor
P 121.9411, -1072.6835, -27.9978, 240, 240, 0, 2, Locked_Door_(Key,Picklock_50?)
P 211.0000, -1121.0000, -24.9400, 0, 0, 0, 2, Master_Glox
P 435.0000, -1039.0000, -23.9400, 0, 0, 0, 2, Himart_Kichith
P 521.5137, -862.9091, -28.9978, 240, 240, 240, 2, Broken_Bridge_Room
P 638.7621, -858.5284, -110.3432, 240, 240, 0, 2, One-Way_Wall_(to_North)
P 659.8514, -581.1493, 1.5259, 240, 240, 0, 2, One-Way_Wall_(to_East)
P 651.1272, -487.7329, 1.5211, 240, 240, 0, 2, One-Way_Wall_(to_South)
P 715.7982, -525.0441, 1.5268, 240, 240, 0, 2, One-Way_Wall_(to_East)
P 838.0000, -585.0000, 3.7500, 0, 0, 0, 2, Vessel_Drozlin
P 836.3410, -543.6998, 1.5255, 240, 240, 0, 2, One-Way_Wall_(to_South)
P 925.7040, -581.0820, 1.5474, 240, 240, 0, 2, One-Way_Wall_((to_East)
P 1003.1963, -575.8797, 1.5291, 240, 240, 0, 2, False_Wall
P 1001.8728, -613.6705, 1.5539, 240, 240, 0, 2, One-Way_Wall_(to_South)
P 472.2343, -917.0613, -27.9978, 240, 240, 240, 2, The_Depths_Behind_the_Scaled_Mystics
P 230.5668, -394.3761, 14.0018, 240, 240, 0, 2, Locked_Door
P 354.0000, -385.0000, 18.1000, 0, 0, 0, 2, Haggle_Baron_Klok
P 328.1972, -368.8597, 2.1934, 240, 240, 240, 2, Haggle_Baron
P -75.0000, -674.0000, -6.2000, 0, 240, 0, 2, Trooper_Zishrin
P -37.0000, -677.0000, -6.2000, 0, 127, 127, 2, Trooper_Azalin
P 4.0000, -656.0000, 1.7000, 0, 127, 127, 2, Frizazz
P 22.0000, -650.0000, 1.7000, 0, 127, 127, 2, Jozter
P 71.0000, -889.0000, 4.7500, 0, 0, 0, 2, The_Toilmaster
P 96.0000, -942.0000, 3.7500, 0, 127, 127, 2, Crusader_Olos
P 366.0000, -834.0000, 18.5100, 0, 0, 0, 2, Shezlie_Furscale
P 331.0000, -826.0000, 18.0600, 0, 0, 0, 2, Zazlan_Furscale
P 407.1150, -763.2500, 1.0018, 0, 0, 0, 2, Klok_Denip
P 403.0000, -749.0000, 3.7500, 0, 0, 0, 2, Exterminator_Sahizz
P 268.0000, -258.8000, 1.8000, 0, 0, 0, 2, Zauz_Malgorne
P 112.2500, -135.5000, 1.7500, 0, 127, 0, 2, Sybar_(General)
P 176.0000, -1054.0000, 21.0600, 127, 127, 127, 2, Hierophant_Oxyn
P 199.0000, -1055.0000, 21.0600, 127, 127, 127, 2, Hierophant_Zand
P 215.0000, -1050.0000, 18.7500, 0, 127, 0, 2, Vessel_Grott_(Shaman_Spells)
P 215.0000, -1039.0000, 18.7500, 0, 127, 0, 2, Vessel_Kirtokk_(Shaman_Spells)
P 216.0000, -1025.0000, 18.7500, 0, 127, 0, 2, Vessel_Drekk_(Shaman_Spells)
P 219.0000, -1011.0000, 18.7500, 0, 127, 0, 2, Vessel_Kabda_(Shaman_Spells)
P 206.2822, -1021.6705, 15.0018, 0, 127, 0, 2, a_spell_research_merchant_(Research)
P 160.0000, -1016.0000, 18.7500, 0, 127, 0, 2, Vessel_Grymm_(Shaman_Spells)
P 158.0000, -1031.0000, 18.7500, 0, 127, 0, 2, Vessel_Migron_(Shaman_Spells)
P 158.0000, -1050.0000, 18.7500, 0, 127, 0, 2, Vessel_Mortyr_(Shaman_Spells)
P 173.0000, -1044.0000, 74.0300, 127, 127, 127, 2, Lord_Gikzic
P 187.0000, -1024.0000, 46.0300, 0, 127, 0, 2, Slithreina_(Beastlord_Spells)
P 190.1763, -1001.6435, 41.9705, 240, 240, 240, 2, Second_Floor
P 210.0203, -1013.3044, 15.0018, 240, 240, 0, 2, Teleport_to_Third_Floor
P 188.5979, -1047.8416, 55.9705, 240, 240, 240, 2, Third_Floor
P 205.0000, -1037.0000, 74.0300, 0, 0, 0, 2, Librarian_Zimor
P 188.6512, -1023.7519, 69.9705, 240, 240, 240, 2, Fourth_Floor
P 107.0000, -1029.0000, -10.2500, 0, 127, 0, 2, Gaxl_the_scribe_(Shaman_Spells)
P 273.0000, -999.0000, -23.9400, 0, 0, 0, 2, Sirtha_Scarscale
P 735.2974, -679.5884, -27.9978, 240, 240, 0, 2, TRAP:_Pit
P 697.7861, -524.7660, 0.0018, 240, 240, 0, 2, One-Way_Wall_(to_West)
P 746.4750, -692.9841, -27.9978, 240, 240, 0, 2, TRAP:_Pit
P 802.9913, -684.7184, 0.0018, 240, 240, 0, 2, Pit_to_Lower_Level
P 1000.7974, -627.8191, 0.0028, 240, 240, 0, 2, One-Way_Wall_(to_South)
P 34.0000, 436.0000, 3.7000, 0, 0, 0, 2, Crusader_Zixo
P 125.8795, 686.8692, 14.0018, 240, 240, 0, 2, Fake_Wall
P 49.0000, 508.0000, 3.7000, 0, 0, 0, 2, Crusader_Hitol
P 417.0000, -1362.0000, 0.0028, 240, 0, 0, 2, Succor
P 188.7532, -970.6201, 8.9280, 240, 240, 240, 2, Tower_of_Terror
P 123.2485, 345.4055, 0.0019, 240, 240, 240, 2, Fortress_Talishan
