P -1580.0000, -2230.0000, 0.0000, 0, 0, 0, 2, to_Erudin
P -3210.0000, -1624.0000, 0.0000, 0, 0, 0, 2, from_Erudin
P -2001.0000, 3850.0000, 0.0000, 0, 0, 0, 2, to_South_Qeynos
P -69.0000, 3770.0000, 0.0000, 0, 0, 0, 2, from_South_Qeynos
P -672.1265, 1771.5919, 0.0331, 255, 0, 0, 3, to_Erudin_&_South_Qeynos_(Translocator_Jempar)
P -795.0000, 1767.0000, 0.0000, 255, 0, 0, 2, Succor
P -735.7136, 1774.7687, 1.5631, 240, 240, 240, 2, Dock
P -2127.7453, 1312.0714, -25.7743, 240, 240, 240, 2, Sunken_Ship
P -857.0000, 1478.0000, 14.0000, 0, 128, 0, 2, Renna_(Merchant)
P -966.0000, 1601.0000, 33.8000, 0, 0, 0, 2, Nifta
P -753.0000, 1312.0000, -16.3000, 0, 0, 0, 2, Kala
P -780.0000, 718.0000, -15.1000, 0, 0, 0, 2, Tolo
P -2130.0000, 1293.0000, -34.8800, 0, 0, 0, 2, Yun_Assistant_Maldok
P -1702.9512, 1183.5687, 51.2308, 0, 0, 0, 2, Raldoria_Deacon
P -1821.1387, 1673.7515, -14.0303, 0, 0, 0, 2, Doria_Dawncrest
P -1794.5767, 1691.0174, -12.4907, 0, 0, 0, 2, Bellorrana_Hanthan
P -1125.8800, 1780.8800, 3.8000, 0, 0, 0, 2, Nomala
P -1224.0000, 1037.0000, 122.0000, 0, 0, 0, 2, Hojo
P -1635.0000, 919.0000, 58.3000, 0, 0, 0, 2, Ooglyn
P -1241.9772, 990.1233, 109.1571, 0, 0, 0, 2, Canrield_Starbourne
P -1240.0000, 1174.0000, 55.5000, 0, 0, 0, 2, Yelesom_Paust
P -834.0000, 1528.0000, 6.2000, 0, 0, 0, 2, Nomala
P -679.0000, 1779.0000, 3.7000, 0, 0, 0, 2, Monala
P -1210.2901, 1194.5284, 82.1054, 240, 240, 240, 2, Talysra`s_Paw_Island
