P -3538.4357, -1298.6209, 203.8893, 255, 0, 0, 3, to_Lake_of_Ill_Omen
P 2202.1906, -4534.6313, -25.0423, 255, 0, 0, 3, to_The_Swamp_of_No_Hope
P -2647.3024, -4662.3657, 8.0314, 255, 0, 0, 3, to_The_Swamp_of_No_Hope
P -6028.3500, -287.4725, -82.9676, 255, 0, 0, 3, to_The_Dreadlands
P 1640.8212, 8805.4853, -101.9090, 240, 240, 0, 2, to_Timorous_Deep
P -1388.5174, 4394.8398, -105.1685, 240, 0, 0, 3, to_Timorous_Deep_(Translocator_Drabilt)
P -4714.0000, 455.0000, 0.0000, 255, 0, 0, 3, to_The_Plane_of_Knowledge_(Click_Book)
P -1440.0000, 2392.0000, 0.0000, 255, 0, 0, 2, Succor
P -2983.3710, 2941.2746, -81.0926, 128, 0, 128, 2, Brew_Barrel
P -2685.5673, 2877.5607, -79.9364, 128, 0, 128, 2, Forge
P -2690.1503, 2864.5014, -79.9364, 128, 0, 128, 2, Oven
P 3326.5844, -805.1926, 158.3027, 128, 0, 128, 2, Forge
P 3346.2797, -500.7921, 158.2839, 128, 0, 128, 2, Brew_Barrel
P 3345.7150, -357.9729, 158.5531, 128, 0, 128, 2, Forge
P -3410.1635, 1901.5303, -11.9211, 240, 240, 0, 2, Tunnel_to_City
P 1423.7371, -1495.2631, -2.4061, 240, 240, 240, 2, Drolvarg_Camp
P -1235.0000, 3949.0000, -103.0000, 0, 0, 0, 2, Soulbinder_Tardon
P -1400.4000, 3820.3000, -103.0000, 0, 128, 0, 2, Corfia_Nultethen_(Jewelcrafting)
P -2404.0000, 3633.0000, -77.4000, 0, 128, 0, 2, Drake_Mountainstorm_(Jewelcrafting)
P -2733.0000, 2872.0000, -76.1000, 0, 128, 0, 2, Quizan_Gaxx_(Weapons)
P -2753.0000, 2843.0000, -76.1000, 0, 128, 0, 2, Gearin_Gaxx_(Weapons)
P -2612.0000, 3977.0000, -79.2000, 0, 128, 0, 2, Brackin_Nartoise_(Spells)
P -2627.0000, 3978.0000, -77.3000, 0, 128, 0, 2, Selien_Nartoise_(Spells)
P -2614.0000, 3919.0000, -77.7000, 128, 128, 128, 2, Captain_Nealith
P -2348.0000, 3628.0000, -76.7000, 128, 128, 128, 2, Lieutenant_Feardeep
P -2310.0000, 2873.0000, -75.4000, 128, 128, 128, 2, Quegmor_O`Cranic
P -2715.4494, 1789.5479, -103.5766, 0, 0, 0, 2, Socaldoor_Waycrest
P -2459.0810, 575.5235, -24.7075, 0, 0, 0, 2, Brizzana_Kellgo
P -2566.7316, -1911.9163, 23.0055, 0, 0, 0, 2, The_Voidsoul_Possessed_(Roam)
P -1648.4788, -540.1010, 6.4697, 0, 0, 0, 2, Dragool_Waggletongue_(Roam)
P -3285.8229, -1334.4018, 189.5353, 0, 0, 0, 2, Telligron_Forestrunner
P -87.1608, -1836.1719, -1.0133, 0, 0, 0, 2, Jithanderan_Runeseeker
P -1290.0000, 3974.0000, -103.6000, 0, 0, 0, 2, Scout_Tallstump
P -2268.0000, 2828.0000, -75.0000, 0, 0, 0, 2, Tracker_Azeal
P 3340.8627, -355.0827, 158.5523, 0, 0, 0, 2, Kaelana_Ivyshae
P 3348.8383, -328.6559, 158.5508, 0, 0, 0, 2, Levaios_Duthall
P -1654.0000, 3796.0000, -102.4000, 0, 0, 0, 2, Alex_McDarnin
P -2929.0000, 3408.0000, -78.0000, 0, 0, 0, 2, Hiptal_Frizzleboth
P -3077.0000, 3268.0000, -76.1000, 0, 0, 0, 2, Barnal_Flamehand
P -2686.0000, 2817.0000, -76.8000, 0, 0, 0, 2, Dom_Pathfinder
P -2620.0000, 4006.0000, -77.3000, 0, 0, 0, 2, Despondo
P -2612.0000, 3994.0000, -77.3000, 0, 127, 0, 2, Nertith_Gracon_(Spells)
P -2611.0000, 3957.0000, -77.3000, 0, 0, 0, 2, Bricaro_Summonar
P 3313.6376, -337.8345, 158.6357, 0, 0, 0, 2, Taluran_the_Mindful
P -2976.0000, 3865.0000, -49.4000, 0, 0, 0, 2, Clarissa_Heartweaver
P -2966.0000, 3009.0000, -77.6000, 0, 0, 0, 2, Balik_Wolftrot
P -1639.0000, 3816.0000, -102.4000, 0, 0, 0, 2, Shelae_Wolfkin
P -2925.0000, 3863.0000, -50.7000, 0, 0, 0, 2, Drizel_Maxton
P -3056.0000, 3550.0000, -77.4000, 0, 0, 0, 2, Frist_Furtun
P -2631.0000, 3957.0000, -77.3000, 0, 0, 0, 2, Luminare_Pasinia
P -3061.0000, 3496.0000, -76.1000, 0, 0, 0, 2, Gracie_F`Liler
P -2182.0000, 2973.0000, -76.7000, 0, 0, 0, 2, Scout_Bladethorn
P -2664.0000, 3152.0000, -77.1000, 0, 0, 0, 2, #Realla_Segoan
P -1669.0000, 3812.0000, -102.4000, 0, 127, 0, 2, Marlyn_McMerin_(Alchemy)
P -2405.0000, 3614.0000, -77.4000, 0, 127, 0, 2, Brisha_Fyrestone_(Jewelcrafting)
P -2550.0000, 2749.0000, -78.0000, 0, 127, 0, 2, Glinya_Sweetpie_(Baking)
P -2267.0000, 3252.0000, -103.4000, 0, 127, 0, 2, Shrub_Marwood_(Potions)
P -3327.0000, 3425.0000, -101.8000, 0, 127, 0, 2, Fleceal_Summer_(Fletching)
P -3310.0000, 3425.0000, -101.8000, 0, 127, 0, 2, Jessica_Winter_(Fletching)
P -2359.0000, 3607.0000, -76.7000, 0, 127, 0, 2, Brak_Daggermist_(Poison)
P 3366.6647, -994.4367, 158.6704, 0, 127, 0, 2, Luludja_Daggermist_(Merchant)
P 3370.2382, -986.7357, 158.6696, 0, 127, 0, 2, Simza_Daggermist_(Merchant)
P -2257.0000, 3238.0000, -102.4000, 0, 127, 0, 2, Arial_Fern_(Spells)
P -2632.0000, 3326.0000, -76.1000, 255, 210, 0, 2, Wellford_Fargin
P -2661.0000, 3326.0000, -76.1000, 255, 210, 0, 2, Wella_Fargin
P -2977.0000, 2951.0000, -78.5000, 0, 127, 0, 2, Samson_(Bar)
P 3320.0866, -815.6505, 158.6801, 0, 0, 0, 2, Dithgar_Irongut
P -2525.0000, 3871.0000, -76.1000, 0, 0, 0, 2, Nadia_Starfeast
P -2631.0000, 3307.0000, -76.3800, 0, 0, 0, 2, Assistant_Buford
P -2996.0000, 2956.0000, -75.4000, 0, 0, 0, 2, Bronto_Thudfoot
P -3000.0000, 2977.0000, -76.7000, 0, 0, 0, 2, Lenka_Stoutheart
P 3363.0000, -426.0000, 159.0000, 0, 0, 0, 2, Vorla_Diensk
P -3462.0000, 1362.0000, -1.7500, 0, 0, 0, 2, Private_Blackbark
P -3319.0000, 3444.0000, -101.8000, 0, 0, 0, 2, Captain_Keatar
P -3479.0000, 3395.0000, -93.6000, 0, 0, 0, 2, Foloal_Stormforest
P -1862.0000, 4017.0000, -103.3000, 0, 0, 0, 2, Noilgin_Mindtune
P 1997.7709, -480.1829, 153.7542, 0, 0, 0, 2, Syelissa_Cresthall
P -715.3784, -3551.1774, -43.5855, 0, 0, 0, 2, Iryal
P 1612.0000, -2461.0000, 19.5000, 0, 0, 0, 2, #Red_Eye_Jack
P 2853.8800, -2499.0000, 117.8800, 0, 0, 0, 2, #Kwinn_the_Outlander
P -3095.0000, -3500.0000, -119.7000, 0, 0, 0, 2, Scout_Treekill
P -2904.0000, 4185.0000, -49.4000, 0, 0, 0, 2, Ailerina_the_Gentle
