P -9.1488, 349.6312, -27.3740, 240, 0, 0, 3, to_West_Freeport
P -556.1385, 393.1529, -13.3740, 240, 0, 0, 3, to_West_Freeport
P -725.4946, -364.2188, -13.3740, 240, 0, 0, 3, to_West_Freeport
P -79.1378, 75.4985, 0.0020, 128, 0, 128, 2, Half_Elf_Forge
P -78.0000, 106.0000, 2.1000, 0, 127, 0, 2, Falia_Frikniller_(Armor)
P -38.0605, 175.4111, 1.0020, 128, 0, 128, 2, Kiln
P -35.7840, 156.6913, 1.0020, 128, 0, 128, 2, Pottery_Wheel
P -540.4315, 204.3265, 0.0020, 240, 240, 240, 2, Freeport_City_Hall
P 107.3285, -73.0813, 0.0020, 240, 240, 240, 2, The_Emporium
P 105.1274, -28.1120, 0.0020, 128, 0, 128, 2, Forge
P 153.0000, -64.0000, 1.8000, 0, 127, 0, 2, Svinal_Wyspin_(Armor)
P 138.0000, -27.0000, 1.8000, 0, 127, 0, 2, Lystyn_Wyspin_(Armor)
P 186.1010, 23.7165, 0.0020, 240, 240, 240, 2, The_Vault
P 245.0000, 53.0000, 3.7000, 0, 127, 0, 2, Aimie_Moonspin_(Jewelcrafting)
P 229.0000, 33.0000, 3.7000, 255, 210, 0, 2, Soris_Silverfield
P 219.0000, -18.0000, 0.8000, 0, 0, 0, 2, Sir_Drolfis
P 234.7944, 12.3969, 0.0020, 240, 240, 0, 2, Locked_Door_(pickable)
P 183.0000, 83.0000, 17.7000, 0, 127, 0, 2, Wahnig_Nooz_(Armor)
P 127.0000, 108.0000, 3.4000, 0, 127, 0, 2, Bran_Greenglade_(General)
P 127.0000, 93.0000, 3.4000, 0, 127, 0, 1, Alec_Greenglade_(General)
P 40.3312, 62.2240, 0.0020, 128, 0, 128, 2, Oven
P 5.1105, -29.2405, 0.0020, 240, 240, 240, 2, Tassel`s_Tavern
P 56.0000, -70.0000, 17.7000, 0, 127, 0, 2, Gern_Tassel_(General)
P 33.0000, -70.0000, 3.7000, 0, 127, 0, 2, Judicla_Riverfield_(Brewing)
P -5.0000, -80.0000, 1.8000, 0, 0, 0, 2, Onytir_Seavin
P -17.0000, -91.0000, 3.7000, 0, 0, 0, 2, Dunore_Moorwing
P 0.2065, -60.1668, 0.0020, 128, 0, 128, 2, Brewing_Barrel
P -20.2626, -8.8258, 0.0020, 240, 240, 240, 2, The_Jade_Tiger`s_Den
P -57.0000, -71.0000, 3.7000, 0, 127, 0, 2, Innkeep_Evelona_(General)
P -72.0000, -72.0000, 3.7000, 0, 127, 0, 2, Innkeep_Rille_(General)
P 56.0000, 103.0000, 3.7000, 0, 127, 0, 2, Timor_Strongbranch_(Fletching)
P 39.0000, 75.0000, 3.4000, 0, 127, 0, 2, Valla_Strongbranch_(Fletching)
P -5.2363, 175.5746, 0.0020, 128, 0, 128, 2, Oven
P 40.0000, 186.0000, 3.7000, 0, 127, 0, 2, Galio_(General)
P 62.0000, 186.0000, 3.7000, 0, 127, 0, 2, Innkeep_Palola_(General)
P -188.1745, 33.8347, 0.0020, 240, 240, 240, 2, Freeport_Coalition_of_Tradesfolk
P -191.0000, 102.0000, 3.7000, 0, 127, 0, 2, Tradesman_Lyna_(General)
P -209.0000, 130.0000, 3.7000, 0, 127, 0, 2, Tradesman_Tulan_(General)
P -208.0000, 170.0000, 1.8000, 0, 0, 0, 2, Zigg_Flin
P -201.0000, 170.0000, 3.7000, 0, 127, 0, 2, Jade_(Jewelcrafting)
P -346.3344, -33.3861, -12.9980, 240, 240, 240, 2, Temple_of_Marr
P -414.0000, -75.0000, 3.7500, 127, 127, 127, 2, Arem_Ulosia
P -352.0000, -46.0000, 59.7200, 127, 127, 127, 2, Serna_Tasknon
P -393.0000, -132.0000, 59.7200, 127, 127, 127, 2, Thurion_Desius
P -358.0000, -67.0000, 45.7000, 127, 127, 127, 2, Plur_Etinu
P -348.0000, -75.0000, 17.7000, 127, 127, 127, 2, Celsar_Vestagon
P -313.0000, -102.0000, -10.2000, 0, 127, 0, 2, Amata_D`Lavi_(Cleric_Spells)
P -284.0000, -104.0000, -10.2000, 0, 127, 0, 2, Locarme_Zennix_(Cleric_Spells)
P -269.0000, -88.0000, -10.2000, 0, 127, 0, 2, Hulos_Ghenar_(General)
P -305.0000, -92.0000, -24.2000, 127, 127, 127, 2, Palious_Jarten
P -313.0000, -105.0000, -24.2000, 0, 127, 0, 2, Perep_Chen_(Cleric_Spells)
P -363.5931, -326.0670, -13.9980, 240, 240, 240, 2, Freeport_Office_of_the_People
P -273.0000, -301.0000, -10.2000, 0, 127, 0, 2, Yellus_Gravien_(General)
P -284.0000, -287.0000, -10.2000, 0, 127, 0, 2, Gibbon_Morfield_(General)
P -302.0000, -290.0000, 3.7000, 0, 127, 0, 2, Rashinda_Elore_(Baking)
P -589.0000, -472.0000, -15.5000, 0, 0, 0, 2, Bondl_Felligan
P 32.6961, -210.6039, -12.9980, 240, 240, 240, 2, Hall_of_Truth
P 132.0000, -244.0000, 3.7000, 0, 127, 0, 2, Jusia_Vapious_(Weapons)
P 125.0000, -186.0000, 17.7000, 127, 127, 127, 2, Eestyana_Naestra
P 130.0000, -212.0000, 17.7000, 0, 127, 0, 2, Donala_Baris_(Paladin_Spells)
P 115.0000, -194.0000, 3.7000, 0, 127, 0, 2, Markin_Ironwhite_(Weapons)
P 119.0000, -220.0000, -10.2000, 0, 127, 0, 2, Orex_Nolus_(Paladin_Spells)
P 188.0000, -259.0000, 3.7000, 127, 127, 127, 2, Edwardian_Holyblade
P 141.0000, -239.0000, 3.7000, 127, 127, 127, 2, Theron_Rolius
P 182.0000, -229.0000, 3.7000, 127, 127, 127, 2, Valeron_Dushire
P -520.7631, 93.8879, 0.0020, 240, 240, 240, 2, Marsheart`s_Chords
P -476.2871, 27.4965, 3.1260, 128, 0, 128, 2, Forge
P -584.0000, 90.0000, 5.1000, 127, 127, 127, 2, Nashia_Lanseb
P 176.0000, 109.0000, 3.7000, 0, 127, 0, 2, Winoyn_(Pottery)
P 198.0000, 103.0000, 3.7000, 0, 127, 0, 2, Jallen_Nooz_(Armor)
P -202.0000, 183.0000, 17.7000, 0, 127, 0, 2, Amber_(Jewelcrafting)
P 33.0000, -85.0000, 3.7000, 0, 127, 0, 2, Shania_Tassel_(Brewing)
P 215.0000, 33.0000, 3.7000, 255, 210, 0, 2, Peran_Silverfield
P 187.0000, -214.0000, -10.2000, 127, 127, 127, 2, Merko_Quetalis
P -351.0000, -140.0000, 73.7000, 127, 127, 127, 2, Tholius_Quey
