P 351.6666, -447.2018, -27.9990, 255, 0, 0, 3, to_West_Freeport
P 62.6718, -95.7840, -27.9990, 255, 0, 0, 3, to_West_Freeport
P -342.0785, 153.6713, -97.9677, 255, 0, 0, 3, to_West_Freeport
P 689.5282, 1236.4630, -55.9677, 255, 0, 0, 3, to_North_Desert_of_Ro
P 635, 23, -52.65, 255, 255, 255, 2, Freeport_Inn
P 694, -18, -52.65, 255, 255, 255, 2, Grub_n_Grog_Tavern
P 493, 5, -52.65, 255, 255, 255, 2, Hallard`s_Resales
P 174.9422, 151.1773, -83.9677, 128, 0, 128, 2, Forge
P 206.0901, 107.0526, -83.9677, 128, 0, 128, 2, Kiln
P 186.6765, 297.9623, -83.9677, 128, 0, 128, 2, Oven
P 161.1648, -25.8221, -55.9677, 128, 0, 128, 2, Forge
P 750.5392, -69.7104, -55.9677, 128, 0, 128, 2, Oven
P 720.2759, -12.0308, -55.9677, 128, 0, 128, 2, Brew_Barrel
P 242.4045, -100.1544, -55.9677, 128, 0, 128, 2, Oven
P 331.2355, -143.0298, -55.9677, 128, 0, 128, 2, Brew_Barrel
P 854.7253, 208.6563, -55.9677, 128, 0, 128, 2, Brew_Barrel
P 260.0000, 25.0000, -94.2000, 127, 127, 127, 2, Konious_Eranon
P 263.0000, 41.0000, -94.2000, 127, 127, 127, 2, Heneva_Jexsped
P 247.0000, 50.0000, -94.2000, 127, 127, 127, 2, Nexvok_Thirod
P 230.0000, 21.0000, -93.5000, 127, 127, 127, 2, Brutol_Rhaksen
P 184.0000, 59.0000, -94.8000, 127, 127, 127, 2, Opal_Darkbriar
P 174.0000, 67.0000, -94.2000, 127, 127, 127, 2, Brek_Stolrus
P 837.0000, 334.0000, -110.6000, 127, 127, 127, 2, Harkin_Duskfoot
P 835.0000, 331.0000, -109.2000, 128, 128, 128, 2, Beur_Tenlah
P 835.0000, 193.0000, -94.8000, 127, 127, 127, 2, Nestral_TGaza
P 845.0000, 182.0000, -94.5000, 128, 128, 128, 2, Tovan_Tenlah
P 302.0000, 206.0000, -108.2000, 127, 127, 127, 2, Pietro_Zarn
P 248.0000, 246.0000, -108.2000, 127, 127, 127, 2, Marv_Orilis
P 286.0000, 72.0000, -94.2000, 127, 127, 127, 2, Netuk_Phenzon
P 188.0000, 39.0000, -94.2000, 128, 128, 128, 2, Thuzin_Kaver
P 197.0000, 17.0000, -94.2000, 128, 128, 128, 2, Venox_Tarkog
P 249.0000, 17.0000, -94.2000, 128, 128, 128, 2, Raltur_Caliskon
P 274.0000, 63.0000, -94.2000, 0, 128, 0, 2, Prasen_Rusgor_(Weapons)
P 257.0000, 67.0000, -94.2000, 0, 128, 0, 2, Sermio_Capret_(Shadow_Knight_Spells)
P 255.0000, 100.0000, -94.2000, 0, 128, 0, 2, Tagus_Wunne_(Shadow_Knight_Spells)
P 217.0000, 64.0000, -94.2000, 128, 128, 128, 2, Zhem_Xecia
P 174.0000, 92.0000, -94.8000, 0, 0, 0, 2, Saxarivza_Zexus
P 206.0000, 72.0000, -94.2000, 128, 128, 128, 2, Gunex_Eklar
P 649.0000, 34.0000, -51.2000, 0, 0, 0, 2, Soulbinder_Grunson
P 492.0000, 24.0000, -67.4000, 0, 128, 0, 2, Roghur_Muleson_(Weapons)
P 163.0000, 183.0000, -80.2000, 0, 128, 0, 2, Klan_Smith_(Weapons)
P 284.0000, 21.0000, -52.2000, 0, 128, 0, 2, Innkeep_Rastle_(General)
P 231.0000, 6.0000, -52.2000, 0, 128, 0, 2, Innkeep_Paggie_(General)
P 231.0000, 106.0000, -38.2000, 0, 0, 0, 2, Tarn_Bearcrusher
P 471, 89, -80.65, 255, 255, 0, 2, Locked_Door
P -19.0000, 44.0000, -38.2000, 0, 0, 0, 2, Rin_Distlemor
P 563.0000, 210.0000, -53.4000, 0, 0, 0, 2, Wenden_Blackhammer
P 566.0000, 238.0000, -52.2000, 0, 0, 0, 2, Kargek_Redblade
P 676.0000, 12.0000, -39.4000, 0, 0, 0, 2, Grendig
P 918, -100, -52.65, 255, 255, 255, 2, Port_Authority
P 809, 174, -52.65, 255, 255, 255, 2, Seafarer`s_Roost
P 881.0000, -61.0000, -52.2000, 0, 128, 0, 2, Iseba_Gargurd_(Fishing)
P 889.0000, -61.0000, -52.2000, 0, 128, 0, 2, Tarker_Gargurd_(Fishing)
P 856, 234, -52.65, 0, 0, 0, 2, Biggle_Limbokker
P 882, 211, -52.65, 0, 0, 0, 2, Imxil_Tbrow
P 862, 229, -38.65, 0, 128, 0, 2, Lunce_Nash_(Bar)
P 881.0000, 205.0000, -38.2000, 0, 0, 0, 2, Jyle_Windshot
P 961.0000, 189.0000, -63.5000, 0, 0, 0, 2, Brunar_Rankin
P 669.0000, -130.0000, -52.2000, 255, 0, 0, 2, Priest_of_Discord
P 546, -106, -52.65, 255, 255, 255, 2, Leather_and_Hide
P 483, -119, -52.65, 255, 255, 255, 2, Velithe_&_Bardo`s_Imported_Goods
P 145, -50, -52.65, 255, 255, 255, 2, Armor_by_Ikthar
P 538.0000, -38.0000, -52.2000, 0, 128, 0, 2, Winsa_Tanner_(Armor)
P 560.0000, -38.0000, -52.2000, 0, 128, 0, 2, Winlar_Tanner_(Armor)
P 213.0000, -72.0000, -52.2000, 0, 128, 0, 2, Issilyn_Ristan_(Smithing)
P 216.0000, -63.0000, -52.2000, 0, 128, 0, 2, Sir_Ranlon_(Armor)
P 452, -69, -38.65, 128, 0, 128, 2, Loom
P 470.0000, -67.0000, -24.2000, 0, 0, 0, 2, Jheron_Felkis
P 312, -177, -52.65, 255, 255, 255, 2, Trader`s_Holiday
P 212.0000, 295.0000, -66.2000, 0, 128, 0, 2, Lynda_Tapper_(General)
P 266.0000, -116.0000, -24.2000, 0, 128, 0, 2, Cloud_Alemaker_(General)
P 204.0000, 279.0000, -80.2000, 0, 128, 0, 2, Nesin_Tapper_(General)
P 170.0000, 165.0000, -66.2000, 0, 128, 0, 2, Jenna_Smith_(Weapons)
P 137.0000, 183.0000, -80.2000, 0, 128, 0, 2, Gord_Smith_(Weapons)
P 238.0000, 150.0000, -80.2000, 0, 0, 0, 2, Jak_Sindin
P 277.0000, 189.0000, -80.2000, 0, 128, 0, 2, Rolfic_Gohar_(Weapons)
P 193, 164, -80.65, 255, 255, 255, 2, Gora`s_Smithy
P 286, 120, -80.65, 255, 255, 255, 2, Condemned_Building
P 302.0000, 174.0000, -80.2000, 0, 0, 0, 2, Quan_Nektogo
P 456.0000, 85.0000, -52.2000, 0, 128, 0, 2, Tohsan_Hallard_(Weapons)
P 492.0000, 40.0000, -52.2000, 0, 128, 0, 2, Harg_Tonicka_(Weapons)
P 334.0000, -76.0000, -52.2000, 0, 128, 0, 2, Slan_ODonner_(General)
P 885.0000, 222.0000, -10.2000, 0, 128, 0, 2, Tenni_Kohern_(Weapons)
P 833.5316, 236.6764, -55.9677, 0, 128, 0, 2, Gregor_Nash_(Bar)
P 864.0000, 256.0000, -52.2000, 0, 128, 0, 2, Henna_Treghost_(Bar)
P 231.0000, 225.0000, -108.2000, 0, 128, 0, 2, Banor_Raglesin_(Necromancer)
P 311.0000, 204.0000, -108.2000, 0, 128, 0, 2, Celanie_Xtoria_(Weapons)
P 849.0000, -87.0000, -38.2000, 0, 128, 0, 2, Tanlok_Harson_(Fishing)
P 745.0000, -44.0000, -51.2000, 0, 128, 0, 2, Jaleel_Hoglomp_(General)
P 728.0000, -44.0000, -51.2000, 0, 128, 0, 2, Winda_Lylil_(General)
P 698.0000, 76.0000, -52.2000, 0, 128, 0, 2, Innkeep_Hunter_(General)
P 719.0000, 76.0000, -52.2000, 0, 128, 0, 2, Innkeep_Nasumi_(General)
P 549.0000, -44.0000, -38.2000, 0, 128, 0, 2, Sissin_Tanner_(Armor)
P 567.0000, -72.0000, -52.2000, 0, 128, 0, 2, Sanhan_Tanner_(Armor)
P 434.0000, -83.0000, -52.2000, 0, 128, 0, 2, Myrissa_O`Donner_(General)
P 377.0000, -106.0000, -52.2000, 0, 128, 0, 2, Monita_O`Donner_(General)
P 416.0000, -101.0000, -38.2000, 0, 128, 0, 2, Ston_O`Donner_(General)
P 370.0000, -158.0000, -52.2000, 0, 128, 0, 2, Jillian_Dayson_(Smithing)
P 297.0000, -134.0000, -52.2000, 0, 128, 0, 2, Tislan_(Smithing)
P 253.0000, -127.0000, -52.2000, 0, 128, 0, 2, Sun_Alemaker_(General)
P 269.0000, -127.0000, -52.2000, 0, 128, 0, 2, River_Alemaker_(General)
P 200.0000, -42.0000, -52.2000, 0, 128, 0, 2, Ikthar_Fireheart_(Armor)
P 182.0000, -42.0000, -52.2000, 0, 128, 0, 2, Kif_(Smithing)
P 225.0000, -46.0000, -38.2000, 0, 128, 0, 2, Daria_Smith_(Smithing)
P 166.0000, -54.0000, -38.2000, 0, 128, 0, 2, Valentin_Fireheart_(Smithing)
P 78, 368, -52, 255, 255, 0, 2, Fake_Wall
P 271.0000, 159.0000, -107.2000, 0, 128, 0, 2, Ainla_Yurimar_(Necromancer)
P 254.0000, 159.0000, -107.2000, 0, 128, 0, 2, Itzia_Vunpe_(Necromancer)
P 234.0000, 167.0000, -108.2000, 128, 128, 128, 2, Xelha_Nevagon
P 229.0000, 175.0000, -108.2000, 127, 127, 127, 2, Vesagar_Nekio
P 232.0000, 186.0000, -108.2000, 0, 128, 0, 2, Hundle_Quatvel_(Necromancer)
P 243.0000, 203.0000, -108.2000, 0, 128, 0, 2, Peku_Croxe_(Necromancer)
P 235.0000, 237.0000, -108.2000, 128, 128, 128, 2, Mheno_Raveus
P 890, 228, -80.65, 255, 255, 0, 2, Fake_Wall
P 860.0000, 328.0000, -108.2000, 128, 128, 128, 2, Elisi_Nasin
P 865.0000, 326.0000, -109.7000, 0, 0, 0, 2, Gren_Frikniller
P 1122, 571, -69.97, 255, 255, 0, 2, Fake_Wall
P 233, 238, -80.65, 255, 255, 255, 2, Chops_-n-_Hops
P 241.0000, 300.0000, -80.2000, 0, 0, 0, 2, Canlan_Talespinner
P 214.0000, 287.0000, -80.2000, 0, 0, 0, 2, Palatos_Kynarn
P 453.0000, 285.0000, -80.8000, 0, 0, 0, 2, Zenita_DRin
