P 4500.0000, 430.0000, 116.0000, 255, 0, 0, 3, to_Lake_of_Ill_Omen
P -1426.0000, -5835.0000, 363.0000, 255, 0, 0, 3, to_The_Overthere
P 538.0000, 2695.0000, -499.0000, 255, 0, 0, 3, to_The_Mines_of_Nurga
P -4308.0000, 2311.0000, -455.0000, 246, 0, 0, 3, to_The_Burning_Woods
P 3243.0000, 3816.0000, -350.0000, 255, 0, 0, 3, to_The_Dreadlands
P -2965.2302, -3287.8281, 341.7205, 255, 0, 0, 3, to_The_Temple_of_Droga
P 4262.0000, 633.0000, 0.0000, 255, 0, 0, 2, Succor
P 2421.0000, -814.0000, 534.0000, 0, 0, 240, 1, GS:_Gray_Colored_Ice
P -2025.0000, -1345.0000, 966.0000, 0, 0, 240, 1, GS:_Gray_Colored_Ice
P -222.0000, -364.0000, -314.0000, 0, 0, 240, 1, GS:_Kromdul_Bracelet
P 282.0000, 268.0000, 552.0000, 0, 0, 240, 1, GS:_Grey_Colored_Ice
P 2043.0000, 1810.0000, 85.0000, 240, 240, 240, 2, The_Three_Statues
P -1971.0000, 2130.0000, -388.7500, 0, 127, 127, 2, Digmaster_Duggert
P -2102.0000, 1665.0000, -299.8800, 0, 127, 127, 2, Rock_Shaper_Dritam
P -2150.0000, 1713.0000, -310.6300, 0, 127, 127, 2, Cenobite_Pakclaw
P -1650.0000, 2178.0000, -438.0000, 0, 127, 127, 2, Enslaved_Iksar_(Quest)
P -1484.0000, 2212.0000, -410.6000, 0, 127, 127, 2, Finrin_Talister
P 2942.0000, -579.0000, 0.0000, 0, 127, 127, 2, Aurueen_Stilwater_(Quest)
P -3799.0000, 2569.0000, -453.0000, 0, 127, 127, 2, Khieka_Ripclaw_(Quest)
P 1525.0000, 302.0000, -129.0000, 0, 127, 127, 2, Grenno_Dagor_(Quest)
P -3636.0000, -1877.0000, 236.0000, 0, 127, 127, 2, a_sarnak_spy_(Quest)
P -441.0000, -1027.0000, 60.0000, 0, 127, 127, 2, a_loyal_follower_(Quest)
P -1993.0000, 1568.0000, -378.0000, 0, 127, 127, 2, a_goblin_traitor_(Quest)
P 3301.0000, 3481.0000, -385.0000, 0, 0, 0, 2, Shilur_Scaletine_(Epic)
P -459.0000, -389.0000, -305.3000, 0, 0, 0, 2, Mentrax_Mountainbone
P 900.0000, 809.0000, -130.0000, 0, 0, 0, 2, a_human_skeleton_(Epic)
P -1222.0000, 655.0000, -74.0000, 0, 0, 0, 2, Joojoga
P -3365.0000, -2726.0000, 186.0000, 0, 0, 0, 2, Burynai_Grand_Cenobite
P -401.0000, -341.0000, -302.8000, 0, 0, 0, 2, Eldak_Howlingbear
P 2246.0000, -893.0000, -33.5000, 0, 0, 0, 2, Snaorf
P 2353.0000, 1958.0000, 119.5000, 0, 0, 0, 2, Thuuga_Dengible
P -1718.0000, 1880.0000, -379.0000, 0, 0, 0, 2, Soothsayer_Dregzak
P -1756.0000, 1813.0000, -379.0000, 0, 0, 0, 2, Chief_RokGus
P -1346.0000, -3619.0000, 309.0000, 0, 0, 0, 2, Mikarsilla_Selishshen
P -3042.0000, -1959.0000, 235.0000, 0, 0, 0, 2, Gemeye
P -1947.0000, 1922.0000, -379.0000, 127, 64, 0, 2, a_goblin_bodyguard_(Hunter)
P -1712.0000, 2125.0000, -438.0000, 127, 64, 0, 2, a_goblin_fanatic_(Hunter)
P -1749.0000, 1871.0000, -375.0000, 127, 64, 0, 2, a_goblin_soothsayer_(Hunter)
P -1798.0000, 1989.0000, -393.0000, 127, 64, 0, 2, a_goblin_warder_(Hunter)
P -1793.0000, 1859.0000, -379.0000, 127, 64, 0, 2, a_maddened_Burynai_(Hunter)
P 1421.9454, 17.7891, -130.0141, 240, 240, 240, 2, Mountain_Giant_Fortress
