P -3085.0000, 2599.0000, 0.0000, 255, 0, 0, 2, from_The_Wakening_Land
P -3016.0000, 2522.0000, -21.1875, 240, 0, 0, 2, Succor
P -1208.0000, 3507.0000, 22.3000, 0, 0, 0, 2, Guardian_of_Takish
P 2483.0000, 446.0000, 229.5000, 0, 0, 0, 2, Tunarean_Earthmelder
P 2076.0000, 3096.0000, 0.0000, 255, 255, 255, 2, Thriftling_Camp
P 1503.0000, -1325.0000, 0.0000, 255, 255, 255, 2, Tunare`s_Tree
P 2568.8183, -1683.6577, 259.0683, 240, 127, 0, 2, an_abstruse_phantasm_(Raid,Roam)
P 604.0000, -2468.0000, -1.7000, 240, 127, 0, 2, Ail_the_Elder
P 201.0000, 1534.0000, -32.9000, 240, 127, 0, 2, Ancient_Totem
P 2135.0000, -2833.0000, 236.3000, 240, 127, 0, 2, Fayl_Everstrong
P 2819.0000, 3593.0000, 512.7000, 240, 127, 0, 2, Galiel_Spirithoof
P 3428.3698, -262.0816, 371.3201, 240, 127, 0, 2, a_gleaming_sphere_of_light_(Raid,Roam)
P -1048.0000, -1523.0000, -41.4000, 240, 127, 0, 2, Grahl_Strongback
P 3199.0000, -1415.0000, 405.2000, 240, 127, 0, 2, keeper_of_the_glades
P 1795.0000, 1625.0000, 123.6000, 240, 127, 0, 2, Ordro
P 2550.0000, 937.0000, 313.1000, 240, 127, 0, 2, Rumbleroot
P -838.0000, -249.2500, -53.7500, 240, 127, 0, 2, Sarik_the_Fang
P -94.1567, -1453.1392, -57.2366, 240, 127, 0, 2, a_thifling_orator_(Raid,Roam)
P 730.0000, 471.0000, 225.0000, 240, 127, 0, 2, Treah_Greenroot
P 2388.0000, 2349.0000, 327.6000, 240, 127, 0, 2, Undogo_Digolo
P 1633.0000, -1525.0000, 205.3800, 240, 127, 0, 2, #_Tunare
P 1560.0000, -1491.0000, 50.8000, 240, 127, 0, 2, Prince_Thirneg
P -700.7473, 1280.8493, -64.2502, 240, 240, 240, 2, Stream_of_Silence
P -144.6985, 2926.9162, -87.8281, 240, 240, 240, 2, Lake_of_the_Whispering
