P -329.7535, -46.9167, -385.8416, 255, 0, 0, 3, to_Erudin_Palace_(portal)
P 940.1930, -611.4799, -94.8749, 255, 0, 0, 3, to_Paineel
P -346.9917, -63.6779, -385.8416, 255, 0, 0, 3, to_Neriak_-_Third_Gate_(portal)
P -365.6127, -47.1272, -385.8416, 255, 0, 0, 3, to_Paineel_(portal)
P -235.4724, -832.0377, -895.6538, 240, 0, 0, 3, to_Brell`s_Rest
P 1050.0000, -640.0000, 0.0000, 255, 0, 0, 2, Succor
P 105.5985, 13.0154, -275.7516, 0, 0, 240, 1, GS:_Outcast`s_Journal_Page_20
P -1001.6477, -109.0286, -416.4836, 0, 0, 240, 1, GS:_Outcast`s_Journal_Page_36
P -589.4134, -790.1154, -671.0655, 0, 0, 240, 1, GS:_Outcast`s_Journal_Page_52
P -641.9607, -76.2557, -348.4408, 0, 0, 240, 1, GS:_Old_Paineel
P 357.5754, -446.5942, -111.9666, 0, 0, 240, 1, GS:_Ancient_Book_Cover
P -632.0955, -108.5406, -375.8415, 0, 0, 240, 1, GS:_Old_Paineel
P -96.5623, -62.5671, -349.8727, 0, 0, 240, 1, GS:Section_of_Parchment_(MNK:1.5)
P 217.1950, 43.5721, -279.8728, 0, 0, 240, 1, GS:_Reddish_Crystal
P -407.4085, 15.9309, -348.8729, 240, 240, 240, 2, Erud`s_Bane
P -555.1364, -113.8151, -349.8727, 240, 240, 240, 2, Library_Top_Level
P -247.3156, -106.0325, -348.8729, 255, 255, 255, 2, The_Strong_Box
P -166.7305, -110.3873, -349.8729, 255, 255, 255, 2, Costly_Confections
P -28.6766, -42.8596, -349.8718, 255, 255, 255, 2, Corandier`s_Clothier
P -370.0000, -690.0000, 0.0000, 255, 255, 255, 2, Impact_Area
P 732.9685, -473.7327, -108.9666, 240, 240, 240, 2, Impact_Area
P 518.8560, -267.8328, -139.9353, 240, 240, 0, 2, Fall_(one-way)
P 671.3298, -440.1505, -88.3978, 240, 240, 240, 2, Bridge
P -27.1088, 5.2312, -348.8729, 240, 240, 240, 2, Baisel`s_Dance_&_Drink
P -334.9865, -512.9842, -352.6958, 240, 240, 0, 2, Waterfall_to_area_below
P -471.7416, -641.2974, -909.6225, 240, 240, 0, 2, Rock_Door
P 95.5576, 31.0524, -303.8728, 240, 240, 240, 2, Throne_Room
P 244.2652, -453.6051, -146.9331, 240, 240, 240, 2, Forge_Room
P -797.3133, -883.5361, -849.6541, 240, 240, 240, 2, Stone_Bridge
P -437.0968, -624.8095, -685.4061, 240, 240, 0, 2, Fall_to_impact_area
P -649.7119, -109.2120, -375.8415, 240, 240, 240, 2, Library_Middle_Level
P -701.9307, -196.6503, -401.8415, 240, 240, 240, 2, Library_Bottom_Level
P 42.3754, -2.8470, -349.8729, 240, 240, 240, 2, The_Slab
P -24.3829, -140.4840, -349.8729, 240, 240, 240, 2, Poramin`s_Pride_Jeweler
P -148.7083, -146.9998, -349.8729, 240, 240, 240, 2, Blaisel`s_Dance_&_Drink
P -344.0619, -217.1006, -349.3205, 240, 240, 240, 2, The_Good_Night
P -85.8607, -215.4713, -348.8727, 240, 240, 240, 2, More_Than_Mushrooms
P -241.0123, -37.0886, -348.8729, 255, 255, 0, 2, Fake_Wall
P -391.4717, -62.2773, -349.8729, 255, 255, 0, 2, Fake_Wall
P -262.4020, 16.4507, -360.8415, 255, 255, 255, 2, Mimics_(chests)
P 171.5066, -497.5740, -206.6563, 255, 255, 0, 2, Underwater_Grate_(Keyed)
P -425.7519, -952.5234, -576.7788, 0, 0, 0, 2, Ghost_Of_Kindle
P -462.7508, -786.6327, -657.7475, 0, 0, 0, 2, Ghost_Of_Glohnor
P -514.0000, -851.0000, -679.9000, 0, 0, 0, 2, Dartain_the_Lost
P 189.0000, 50.0000, 0.0000, 0, 0, 0, 2, Bejeweled_Elemental
P 189.0000, -423.0000, 0.0000, 0, 0, 0, 2, Caradon
P -83.0000, 52.0000, 0.0000, 0, 0, 0, 2, MuckCovered_Elemental
P -285.0000, 173.0000, 0.0000, 0, 0, 0, 2, Retseth_Tretse(?)
P -210.0000, -733.0000, -892.9000, 0, 0, 0, 2, Master_Yael
P -230.8435, 309.5900, -295.8729, 0, 0, 0, 2, StoneSoul_The_Unmoving
P -219.0000, 34.0000, -239.7000, 0, 0, 0, 2, Kejar_the_Mighty
P -247.0000, 28.0000, -240.3000, 0, 0, 0, 2, Schnozz_the_Flighty
P -88.0000, 130.0000, 0.0000, 0, 0, 0, 2, Rocksoul
P -499.0000, -759.0000, -569.0000, 0, 0, 0, 2, Urwenae_the_Cold
P -424.0000, -952.0000, -573.0000, 0, 0, 0, 2, the_Ghost_of_Kindle
P -525.0000, -903.0000, -570.0000, 0, 0, 0, 2, #High_Scale_Kirn_
P -570.0000, -805.0000, -667.9000, 0, 0, 0, 2, Keeper_of_the_Tombs
P -219.0000, 114.0000, -305.9000, 0, 0, 0, 2, #Tzitzi_the_Crazed
P -873.0000, -238.0000, -468.8000, 0, 0, 0, 2, Jaeil_the_Wretched
P 202.0000, -398.0000, -110.0000, 0, 0, 0, 2, #Ikurenm_the_Sly
P -272.3578, 14.3630, -247.9041, 127, 0, 0, 2, HSK_(SHM:1.0)
P -265.0000, 180.0000, -294.0000, 0, 0, 0, 2, KotT_(PAL:1.0)
P 233.7000, -486.0000, -219.4000, 0, 0, 0, 2, Julei_Direaxe
P 62.0000, -216.0000, -345.1000, 0, 0, 0, 2, Polzin_Mrid
P 465.8886, -441.0559, -81.9666, 0, 0, 0, 2, Elemental_Striker
P -332.0000, -597.0000, -894.0000, 240, 127, 0, 2, Echo_of_Nortlav_(Raid)
P -350.0000, 23.2287, -347.1846, 127, 64, 0, 2, an_ancient_construct_(Hunter)
P -469.0000, -29.3401, -349.8727, 127, 64, 0, 2, an_ancient_gargoyle_(Hunter)
P 102.0000, -63.5174, -279.7165, 127, 64, 0, 2, an_old_construct_(Hunter)
P 27.0000, 169.5523, -315.6402, 127, 64, 0, 2, an_old_contruct_(Hunter,Roam)
P -11.0000, 91.9673, -321.8727, 127, 64, 0, 2, an_old_gargoyle_(Hunter,on_wall)
P 17.0000, -8.4978, -349.8727, 127, 64, 0, 2, an_old_gargoyle_(Hunter,on_roof)
P -377.1300, -5.6300, -364.0000, 127, 64, 0, 2, #a_ratman_inhabitant
P -504.0000, -926.7532, -572.7786, 127, 64, 0, 2, a_temple_researcher_(Hunter)
P 188.0000, -421.0000, -213.1000, 0, 0, 0, 2, Caradon
