P -3028.0000, 1638.0000, -126.0000, 255, 0, 0, 3, to_Paludal_Caverns
P 2528.0000, -3326.0000, 262.0000, 255, 0, 0, 3, to_Grimling_Forest
P -3242.0000, -1155.0000, 108.0000, 255, 0, 0, 3, to_Shar_Vahl
P -2420.0000, -1241.0000, 0.0000, 255, 0, 0, 2, Succor
P -1924.0000, -1095.0000, 28.9000, 0, 128, 0, 2, Kerr_Tiparr_(Armor)
P -1928.0000, -1141.0000, 28.9000, 0, 128, 0, 2, Tolah_Rakknak_(Weapons)
P -2035.0000, -1070.0000, 28.9000, 0, 128, 0, 2, Rittuh_Purrik_(Merchant)
P -1993.0000, -1063.0000, 28.9000, 0, 128, 0, 2, Tokk_Smippah_(Merchant)
P -2522.0000, 1093.0000, -125.8000, 0, 0, 0, 2, Gamali
P -1944.0000, 1409.0000, -122.0000, 0, 0, 240, 1, GS:_Black_Silt_Clay
P -1050.0000, -1925.0000, 155.5000, 0, 0, 0, 2, Brysta_Ducorran
P -1231.0000, 1307.0000, -99.0000, 0, 0, 240, 1, GS:_Hollow_palm_Roots
P -1061.0000, 1221.0000, -120.0000, 0, 0, 240, 1, GS:_Hollow_palm_Roots
P -1717.0000, 1073.0000, -123.0000, 0, 0, 240, 1, GS:_Black_Silt_Clay
P -1972.0000, 1276.0000, -113.0000, 0, 0, 240, 1, GS:_Hollow_palm_Root
P -931.0000, 932.0000, -115.0000, 0, 0, 240, 1, GS:_Hollow_palm_Roots
P -379.0000, 1137.0000, -110.0000, 0, 0, 240, 1, GS:_Black_Silt_Clay
P 14.0000, 993.0000, -123.0000, 0, 0, 240, 1, GS:_Black_Silt_Clay
P -1468.0000, -537.0000, 34.0000, 127, 64, 0, 2, Gorehorn_(Hunter
P -1958.0000, -1125.0000, 28.0000, 127, 64, 0, 2, Prince_Garzemort
P -1995.0000, -3040.0000, 158.0000, 127, 64, 0, 2, Skrietat`Cha_(Hunter)
P -1994.0000, -3532.0000, 152.0000, 127, 64, 0, 2, Skrietat`Chu_(Hunter)
P 2968.0000, -451.0000, 54.0000, 127, 64, 0, 2, Ghowlik_(Hunter)
P 1436.0000, -875.0000, 98.0000, 127, 64, 0, 2, Curfang_(Hunter
P -1991.0000, -3533.0000, 153.0000, 127, 64, 0, 2, Dreadmaw_Wolfkin_(Hunter)
P -1995.0000, -3044.0000, 158.0000, 127, 64, 0, 2, Fireclaw_Wolfkin_(Hunter)
P 1691.0000, -692.0000, 38.0000, 127, 64, 0, 2, Gamtoine_Cursmakk_(Hunter
P -1991.0000, -3043.0000, 157.0000, 127, 64, 0, 2, Gleeknot_Gnitrat_(Hunter)
P -1991.0000, -3534.0000, 162.0000, 127, 64, 0, 2, Gniktar_Grinwit_(Hunter)
P 2967.0000, -455.0000, 53.0000, 127, 64, 0, 2, Grurn_No_Eyes_(Hunter)
P 2970.0000, -452.0000, 53.0000, 127, 64, 0, 2, Skriat`Chee_(Hunter)
P 1465.0000, -758.0000, 142.0000, 127, 64, 0, 2, Skriat`Chet_(Hunter)
P -451.0000, -2076.0000, 110.0000, 127, 64, 0, 2, Prince_Skriatat_(Hunter)
P -1957.0000, -1160.0000, 30.7500, 127, 64, 0, 2, Skriat`Chakku
P -153.0000, -977.0000, 35.0000, 127, 64, 0, 2, Warpaw_Dankpelt_(Hunter
P 143.0000, -1346.0000, 94.0000, 127, 64, 0, 2, Wiknak_Grimglom_(Hunter
P -1944.0000, -1109.0000, 26.0000, 127, 64, 0, 2, Gnarlick_(Hunter
P -2182.0000, -51.0000, 57.0000, 127, 64, 0, 2, Dirtchomp_(Hunter
P -2983.0000, 1845.0000, -129.1200, 0, 0, 0, 2, Sellenna_Helmark
P 2467.0000, -3009.0000, 267.0000, 0, 0, 0, 2, Lezeara_Veristar
P 2390.0000, -2999.0000, 267.0000, 0, 0, 0, 2, Ahom_Guzhin
P -122.0000, -1469.0000, 101.0000, 0, 0, 240, 1, GS:_Porous_Ore
P -1408.0000, 620.0000, -117.0000, 0, 0, 0, 2, Alladnu_Araihse
