P -10558.0371, 4499.6889, 554.0777, 255, 0, 0, 3, to_Eastern_Wastes
P 21429.0000, -4623.0000, 0.0000, 255, 0, 0, 2, to_North_Desert_of_Ro
P -2861.0510, -1717.0086, 116.9963, 255, 0, 0, 3, to_The_Tower_of_Frozen_Shadow
P -4878.3706, 602.7897, 106.8747, 255, 0, 0, 2, Dragon_Circle
P -340.0000, -5330.0000, 0.0000, 255, 0, 0, 2, Succor
P -1287.0000, -4540.0000, 67.6000, 0, 128, 0, 2, Adinel_Jailbar_(Merchant)
P -1269.0000, -4539.0000, 66.9000, 0, 128, 0, 2, Sojan_the_Sleepless_(Merchant)
P -1313.0000, -4637.0000, 72.7000, 0, 128, 0, 2, Xorbinasticalus_Zimralicus_(Spells)
P -8993.0000, 3396.0000, 0.0000, 0, 0, 0, 2, Shawl_8_:_start_point
P -7542.0000, 3529.0000, 0.0000, 0, 0, 0, 2, Shawl_8_:_1st_wave
P -7252.0000, 2208.0000, 0.0000, 0, 0, 0, 2, Shawl_8_:_2nd_wave
P -5940.0000, 1089.0000, 0.0000, 0, 0, 0, 2, Shawl_8_:_3rd_wave
P -2248.0000, -1502.0000, 0.0000, 0, 0, 0, 2, Shawl_8_:_4th_wave
P -2653.0000, -3698.0000, 0.0000, 0, 0, 0, 2, Shawl_8_:_last_wave
P -399.0000, -5395.0000, 0.0000, 255, 255, 255, 2, Dock
P 19346.0000, -4089.0000, 0.0000, 255, 255, 255, 2, Dock
P -5443.8471, -1737.5351, -34.8924, 240, 240, 240, 2, Wreckage_of_the_Greysong
P -728.2400, -5823.4500, 154.9700, 0, 0, 0, 2, Stormfeather
P -2976.0000, -2803.0000, 188.0000, 0, 0, 0, 2, Garou
P -6995.0000, 1342.0000, 233.8000, 0, 0, 0, 2, Graktar_Bluehammer
P -3230.0000, -2921.0000, 213.8000, 0, 0, 0, 2, Balix_Misteyes
P -3272.5212, -2582.9182, 201.8672, 0, 0, 0, 2, Sir_Jevik_Isqual
P -2540.0000, -762.0000, 23.0000, 240, 127, 0, 2, Lodizal
P -6779.7421, 2198.3740, 145.8486, 127, 64, 0, 2, dire_wolf_stalker_(Hunter,Roam)
P -2252.2971, -1234.6823, 48.0867, 127, 64, 0, 2, elder_spearguard_(Hunter,Roam)
P -2871.3750, -2677.4045, 155.6633, 127, 64, 0, 2, Midnight_(Hunter,Roam,HS)
P -2864.4206, -1518.6424, 103.4629, 127, 64, 0, 2, pulslating_icestorm_(Hunter,Roam)
P -7186.7387, 2401.7993, 140.8870, 0, 0, 240, 1, GS:_Frozen_Pestle
P -392.0000, -5311.0000, -18.1000, 0, 0, 0, 2, Nelet_Durzit
P -351.3831, -5338.9589, -18.3547, 240, 0, 0, 3, to_North_Ro_(Translocator_Kurione)
P 20005.5400, -3943.4600, 50.0000, 0, 0, 0, 2, Fazzle_Thumpkin
P 20268.0000, -3946.0000, -7.8000, 0, 0, 0, 2, Joshel_the_Large
P -396.0000, -5352.0000, -18.1000, 0, 0, 0, 2, Soulbinder_Cubnitskin
P -482.0000, -5329.0000, -18.1000, 0, 0, 0, 2, Masurt_Dok
P -1272.0000, -4531.0000, 66.7000, 0, 0, 0, 2, Madan_Eflik
P -1326.0000, -4628.0000, 72.8000, 0, 0, 0, 2, Tsilos_the_Swabby
P -1325.0000, -4639.0000, 73.3000, 0, 0, 0, 2, Captain_Nalot
P -1332.0000, -4504.0000, 71.6000, 0, 0, 0, 2, Ami
P -1351.0000, -4553.0000, 74.1000, 0, 0, 0, 2, Traboh
P -1369.0000, -4550.0000, 74.6000, 0, 0, 0, 2, Nilham_the_Chef
P -1357.0000, -4563.0000, 74.6000, 0, 0, 0, 2, Relit
P -1276.0000, -4537.0000, 86.6000, 0, 0, 0, 2, Novyak_the_Lookout
P -1211.0000, -4389.0000, 46.2500, 0, 0, 0, 2, Lookout_Larithim
P -753.0000, -5712.0000, 133.7000, 0, 0, 0, 2, Feld
P -762.0000, -5714.0000, 136.2000, 0, 0, 0, 2, Bilf
P -760.0000, -5707.0000, 133.9000, 0, 0, 0, 2, Blik
P -3231.9304, -2931.6765, 213.0733, 0, 0, 240, 1, GS:_Pouch_of_Frozen_Roots
P -3241.3149, -2939.1743, 213.9127, 0, 0, 240, 1, GS:_Skin_of_Slush_Water
P -5216.6850, -1061.1828, 256.2072, 0, 0, 240, 1, GS:_Frozen_Pestle
P 2992.2722, -1203.9688, 36.0210, 0, 0, 0, 2, Gilligatabbus_Igglebix_(Roam)
P -5931.0000, 5717.0000, -70.3000, 0, 0, 0, 2, Corudoth
P -8495.0000, 5637.0000, 147.0000, 0, 0, 0, 2, #Vas_Thorel
P -8982.0000, 3419.0000, 121.1000, 0, 0, 0, 2, General_Bragmur
P -1307.0214, -4566.1474, 67.6445, 240, 240, 240, 2, Captain_Nalot`s_Camp
P 3922.2390, -1130.3601, -4.8433, 240, 240, 240, 2, Icy_Fingers_Islands
P -9688.7138, 4508.4653, 446.4676, 240, 240, 240, 2, The_Gretespaign
