P -3825.0000, -2021.0000, 462.0000, 255, 0, 0, 3, to_Rivervale
P -4890.0000, -557.0000, 692.0000, 255, 0, 0, 3, to_Highpass_Hold
P 1087.0000, -1450.0000, -52.0000, 255, 0, 0, 3, to_The_Commonlands
P -3828.0000, -1889.0000, 0.0000, 255, 0, 0, 2, Succor
P -3280.9924, 83.5110, 413.4085, 0, 0, 240, 1, GS:_Ignot_of_the_Reliant
P -1139.8538, -1727.3865, 222.8324, 0, 0, 240, 1, GS:_Turgan`s_Note
P -1382.5010, 277.7141, 158.6318, 240, 240, 240, 2, Shadowman_Ruins
P 672.0000, -1138.0000, -40.2000, 0, 128, 0, 2, Innkeep_Darvon_(General)
P -2263.0000, -1458.0000, 299.1000, 0, 128, 0, 2, Mune_Woodchopper_(Merchant)
P -3821.0000, 280.0000, 495.4000, 0, 128, 0, 2, Innkeep_Jurn_(General)
P -4001.0000, 263.0000, 498.9000, 0, 128, 0, 2, Lena_Leatherspinner_(Tailor)
P -3874.0000, 329.5000, 499.7000, 0, 128, 0, 2, Krile_Arrowsmith_(Fletching)
P -3807.0000, 215.0000, 496.3000, 0, 128, 0, 2, Jeena_Firechaser_(General)
P 683.0000, -1095.0000, -40.3000, 0, 128, 0, 2, Innkeep_Grace_(General)
P -2315.0000, -1522.0000, 299.7000, 128, 128, 128, 2, Morin_Shadowbane
P -1961.0000, 569.0000, 227.1000, 128, 128, 128, 2, Kithicor
P 839.0000, -1443.0000, -43.9000, 0, 128, 0, 2, Clomen_Walker_(Shoes)
P 499.0000, 103.0000, -39.0000, 0, 0, 0, 2, Shamus_Gull
P -4660.0000, -375.0000, 660.7500, 0, 0, 0, 2, Dusis_Moor
P -4157.0000, -1534.0000, 503.0000, 0, 0, 0, 2, Lothlen_Selendru
P 824.0000, -1427.0000, -44.0000, 0, 127, 0, 2, Eithne_Walker_(Satchels)
P 680.0000, -1157.0000, -44.0000, 0, 0, 0, 2, Tallyn_Starwatch
P -1930.0000, 569.0000, 225.1000, 0, 0, 0, 2, Thumper
P -2040.0000, 302.0000, 241.0000, 0, 0, 0, 2, Unked_Shralok
P -4421.0000, -700.0000, 654.6000, 0, 0, 0, 2, Ged_Twigborn
P -4435.0000, -705.0000, 662.5000, 0, 0, 0, 2, Irin_Lunis
P -4243.0972, -122.3324, 509.8114, 0, 0, 0, 2, Tulonk_Shralok
P -3944.8730, 117.3629, 487.4967, 0, 0, 0, 2, Felltruia_Moru
P -3794.0000, 306.0000, 496.1000, 0, 127, 0, 2, Innkeep_Lynnie_(General)
P -4523.9414, 674.5201, 592.7563, 0, 0, 0, 2, Talok_Shralok
P -4501.6753, 785.7567, 618.0345, 0, 0, 0, 2, Renkil_Shralok
P -4435.6299, 866.1805, 666.9742, 0, 0, 0, 2, Chief_Gan`Shrlok
P -3083.0000, 775.0000, 475.0000, 0, 127, 0, 2, Elsbyth_(General)
P -1946.6072, 369.6437, 222.2137, 0, 0, 0, 2, Madeanna_Drathen
P -2323.9153, -1446.0079, 296.5002, 240, 240, 240, 2, Ranger_Camp
