P -2708.1391, -2344.7348, 92.4961, 255, 0, 0, 3, to_The_Arena
P -1180.0000, -4250.0000, 0.0000, 255, 0, 0, 3, to_The_Southern_Plains_of_Karana
P 2282.0000, -2518.0000, 1.7509, 255, 0, 0, 3, to_The_Rathe_Mountains
P -1213.0000, -4183.0000, 0.0000, 255, 0, 0, 2, Succor
P -134.0000, -2790.0000, 0.0000, 255, 255, 255, 2, Underwater_Tower
P -2081.1640, -3769.6308, -16.7464, 255, 255, 255, 2, Guard_Tower
P -450.0000, 423.0000, 53.6000, 0, 128, 0, 2, Dreana_(Merchant)
P -637.0000, 506.0000, 54.3000, 0, 128, 0, 2, Srynda_(Merchant)
P -657.0000, 432.0000, 53.6000, 0, 128, 0, 2, Abrod_(Bar)
P 1814.0000, -3126.0000, 56.0000, 0, 128, 0, 2, Turga_(Merchant)
P 920.0000, -211.0000, 0.0000, 255, 255, 255, 2, Aviaks
P -1198.0000, -3813.0000, 0.0000, 255, 255, 255, 2, Ruins_of_Murdunk`s_Army_Outpost
P 1806.6708, -2386.1269, 51.4284, 240, 240, 240, 2, Bandit_Camp
P 551.0000, -2623.0000, 11.8800, 0, 0, 0, 2, Eldreth
P 1805.1796, -3064.9201, 51.4331, 240, 240, 240, 2, Ogre_Camp
P 1113.9069, -3536.2299, 52.2744, 240, 240, 240, 2, Bandit_Camp
P 646.9347, -3492.5053, -29.5752, 240, 240, 240, 2, Orc_Camp
P -153.0000, -3644.0000, 54.6000, 0, 0, 0, 2, Turgan
P 679.0000, -2760.0000, -27.0000, 0, 0, 0, 2, Kanthurn
P -160.0000, -2778.0000, -371.3000, 0, 0, 0, 2, Deep
P -982.7250, -2485.9809, 105.0254, 240, 240, 240, 2, Aviak_Watch_Tower
P -2803.9375, 202.4183, -19.1992, 240, 240, 240, 2, Aviaks
P -2418.0000, 942.0000, -14.3000, 0, 0, 0, 2, Jonah_Brucker
P -2215.0000, -249.0000, 54.2000, 0, 0, 0, 2, Kyralynn
P -2236.2062, -701.8989, -3.5137, 240, 240, 240, 2, Barbarian_Fishing_Village
P -2406.0000, -607.0000, 54.2000, 0, 0, 0, 2, Rondel
P -2393.0000, -775.0000, 54.2000, 0, 0, 0, 2, Aija
P -2131.0000, -592.0000, 5.2000, 0, 0, 0, 2, Hruthgar
P -2125.0000, -642.0000, 4.6000, 0, 0, 0, 2, Grinda
P -2133.0000, -746.0000, -36.0000, 0, 0, 0, 2, Brundar
P -2186.0000, -771.0000, -42.0000, 0, 0, 0, 2, Lorud
P -2196.0000, -779.0000, -42.4000, 0, 0, 0, 2, Tralinda
P -1171.3300, -3838.6010, -5.1102, 127, 64, 0, 2, a_gnoll_emblamer_(Hunter)
P 583.0000, -3579.0000, 54.2000, 0, 0, 0, 2, Lenklo
P 593.0000, -3579.0000, 54.3000, 0, 0, 0, 2, Groethar
P 605.0000, -3579.0000, 54.3000, 0, 0, 0, 2, Hulga
P 608.0000, -3595.0000, 59.3000, 0, 0, 0, 2, Deillia
P 620.2473, -3500.6525, -30.4982, 0, 0, 240, 1, GS:_Abandoned_Orc_Shovel
P 0.0000, -3614.0000, 58.9000, 0, 0, 0, 2, Shmendrik_Lavawalker
P -146.0000, -3618.0000, 54.5000, 0, 0, 0, 2, Jorna
P -1532.0000, -67.0000, -227.8800, 0, 0, 0, 2, #Guja_Master_Therik
P -619.9517, 439.2296, 51.4397, 240, 240, 240, 2, Gypsy_Camp
P -604.5661, 477.5082, 51.4366, 127, 127, 0, 2, Elsabet_(Parcels)
P -563.0000, 462.0000, 53.6000, 0, 0, 0, 2, Dunndrylla
P 652.0000, -960.0000, -21.3000, 0, 0, 0, 2, Rykas
P 1459.0000, -256.0000, 55.3000, 0, 0, 0, 2, Emkel_Kabae
P 1588.0000, -342.0000, 54.9000, 0, 0, 0, 2, Kazen_Fecae
P 1243.3953, 27.6442, 54.3042, 240, 240, 240, 2, Stone_Skeleton_Tower
P 889.0000, -2580.0000, -33.6000, 0, 0, 0, 2, Taia_Lyfol
P -150.5622, -2777.2919, -374.8998, 0, 0, 0, 2, Lord_Bergurgle
P -131.0543, -2783.6154, -375.2726, 0, 0, 240, 1, GS:Rod
P -2064.0817, -1329.9313, -22.5643, 0, 0, 0, 2, a_fallen_student
P -2145.0000, -188.0000, 57.3000, 0, 0, 0, 2, Vrynn
P -2408.0000, -523.0000, 54.2000, 0, 0, 0, 2, Tabitha
P 1784.0000, -3053.0000, 55.5000, 0, 0, 0, 2, Trug
P 1832.0000, -3065.0000, 55.5000, 0, 0, 0, 2, Grud
P 1794.0000, -3080.0000, 55.5000, 0, 0, 0, 2, Punga
P 1840.0000, -3012.0000, 55.5000, 0, 0, 0, 2, Derg
