P 197.0000, 2069.0000, -19.5781, 255, 0, 0, 3, to_Nektulos_Forest
P 1033.0000, 935.0000, 12.6260, 255, 0, 0, 3, to_Najena
P -225.0000, -796.0000, 127.0635, 255, 0, 0, 3, to_Solusek`s_Eye
P -488.0000, -915.0000, 51.6885, 255, 0, 0, 3, to_Nagafen`s_Lair
P -332.0000, -1339.0000, 145.6885, 255, 0, 0, 3, to_The_Temple_of_Solusek_Ro
P -1340.0000, -959.0000, 119.6698, 255, 0, 0, 2, Druid_Ring
P -1367.0000, -982.0000, 126.3000, 0, 128, 0, 2, Tisiana_(Spells)
P -951.0000, 359.0000, 3.7000, 0, 128, 0, 2, Jengo_Smirt_(Weapons)
P -929.0000, 408.0000, 3.3000, 0, 128, 0, 2, Cyspeth_Romtai_(Weapons)
P -923.0000, 372.0000, 0.5000, 0, 128, 0, 2, Jenah_Wheelspinner_(Merchant)
