P 1263.8687, 557.6389, 9.9064, 255, 0, 0, 3, to_The_Plane_of_Knowledge_(Click_Book)
P -1389.9515, 803.7581, -8.3741, 255, 0, 0, 3, to_The_Liberated_Citadel_of_Runnyeye
P 2550.5840, -408.3348, -8.2490, 255, 0, 0, 3, to_Rivervale
P 1834.7112, 531.2221, 120.4015, 255, 0, 0, 2, Druid_Ring
P 2344.8545, -896.8146, -6.1641, 0, 128, 0, 2, Bim_(Baking)
P 2270.0000, -332.0000, -5.8500, 0, 128, 0, 2, Hanga_Wiskin_(Smithing)
P 2210.0000, -672.0000, -5.8500, 0, 128, 0, 2, Sonsa_Fromp_(Tailoring)
P 2201.0000, -581.0000, -5.8500, 0, 128, 0, 2, Tipa_Lighten_(Tailoring)
P 2356.0000, -585.0000, -5.8500, 0, 128, 0, 2, Topper_Drodo_(Pottery)
P -415.0000, 1100.0000, 0.0000, 255, 255, 255, 2, Goblin_Camp
P -1133.0000, 969.0000, 0.0000, 255, 255, 255, 2, Goblin_Camp
P -1089.0000, 324.0000, 0.0000, 255, 255, 255, 2, Goblin_Camp
P -1092.0000, -1020.0000, 0.0000, 255, 255, 255, 2, Orc_Camp
P -564.0000, -308.0000, 0.0000, 255, 255, 255, 2, Undead_Camp
