P 853.0871, -195.7699, -41.9676, 190, 0, 0, 3, to_Neriak_-_Third_Gate
P 367.6130, -85.5376, -13.9979, 190, 0, 0, 3, to_Neriak_-_Foreign_Quarter
P 455.0420, 233.6257, 14.0009, 190, 0, 0, 3, to_Neriak_-_Foreign_Quarter
P 1133.0000, 76.0000, -54.4402, 190, 0, 0, 2, from_PoI-Muon
P 566.0000, 67.0000, -38.2000, 190, 0, 0, 2, Priest_of_Discord
P 500.0000, -3.0000, 0.0000, 190, 0, 0, 2, Succor
P 878.9840, -18.2630, -41.9676, 120, 0, 220, 2, Forge
P 836.8390, -22.8000, -69.9666, 120, 0, 220, 2, Brewing_Barrel
P 1216.5838, 28.2293, -28.9989, 120, 95, 0, 2, Arena_(PvP)
P 458.8053, 84.7740, -13.9979, 120, 95, 0, 2, Passage_Behind_Waterfall
P 851.1527, -45.4158, -55.9676, 0, 0, 0, 2, The_Blind_Fish
P 904.4978, -29.1195, -55.9676, 0, 0, 0, 2, The_Burnished_Coin
P 879.4328, -44.5153, -55.9676, 0, 0, 0, 2, Bounty_of_the_Earth
P 880.5970, -53.1362, -55.9676, 0, 0, 0, 2, The_Refined_Palate
P 951.5011, -45.9584, -41.9676, 0, 0, 0, 2, Neriak_Underground
P 929.8409, -52.3364, -41.9676, 0, 0, 0, 2, Forge_House
P 993.6834, -146.3335, -27.9989, 0, 0, 0, 2, The_Spurned_Guildhall
P 999.4091, -18.0839, -41.9666, 0, 0, 0, 2, The_Dashing_Form
P 1070.7747, 107.0541, -41.9666, 0, 0, 0, 2, Toadstool
P 888.3148, -28.0618, -41.9666, 0, 0, 0, 2, Adamant_Armor
P 817.5138, -85.3440, -41.9666, 0, 0, 0, 2, Neriak_Down_Under
P 1039.8041, 27.0441, -41.9666, 0, 0, 0, 2, House_of_D`Abth
P 1106.5845, 133.5271, -41.9666, 0, 0, 0, 2, The_Bleek_Fletcher
P 551.3056, 124.9547, -41.9666, 120, 95, 0, 2, Fake_Wall
P 531.9501, 159.2261, -13.9979, 120, 95, 0, 2, Fake_Floor
P 1035.1383, 118.8243, -41.9666, 120, 95, 0, 2, Fake_Wall
P 917.0000, -46.0000, -52.8000, 120, 95, 0, 2, Antian_F`Lok
P 883.0000, -174.0000, -38.8000, 80, 80, 80, 2, Opizel_G`Efia
P 923.0000, -166.0000, -38.8000, 0, 120, 0, 2, Lizza_D`Unnar_(Enchanter_Spells)
P 910.0000, -133.0000, -38.8000, 0, 120, 0, 2, Pisna_H`Rugla_(Magician_Spells)
P 995.0000, 3.0000, -38.8000, 0, 120, 0, 2, Garren_D`Vek_(Tailoring)
P 1001.0000, 4.0000, -38.8000, 0, 120, 0, 2, Mikaela_S`Kor_(Armor)
P 1122.0000, 73.0000, -52.8000, 0, 120, 0, 2, Issva_H`Rugla_(Weapons)
P 1029.0000, 42.0000, -38.8000, 0, 120, 0, 2, Volkoon_D`Dbth_(General)
P 1041.0000, 152.0000, -38.8000, 0, 120, 0, 2, Tenso_H`Rugla_(General)
P 1010.0000, 151.0000, -24.8000, 0, 120, 0, 2, Rista_S`lon_(General)
P 985.0000, 131.0000, -24.8000, 0, 120, 0, 2, Halvn_B`Div_(Smithing)
P 1063.0000, 146.0000, -37.8000, 0, 120, 0, 2, Dianax_C`Luzz_(Fletching)
P 1061.0000, 134.0000, -37.8000, 0, 120, 0, 2, Andara_C`Luzz_(Fletching)
P 937.0000, 162.0000, -38.8000, 0, 120, 0, 2, Mariz_Ixtaz_(Fishing)
P 903.0000, -52.0000, -38.8400, 0, 120, 0, 2, Treven_Ru`Soe_(Smithing)
P 914.0000, -34.0000, -38.8400, 0, 120, 0, 2, Felok_N`Tan_(Armor)
P 856.0000, -70.0000, -38.8400, 0, 120, 0, 2, Trista_N`Ryt_(Smithing)
P 867.0000, -81.0000, -38.8400, 0, 120, 0, 2, Zanotix_Ixtaz_(Weapons)
P 865.0000, -60.0000, -38.8400, 0, 120, 0, 2, Opal_H`Rugla_(Weapons)
P 885.0000, -63.0000, -38.8400, 0, 120, 0, 2, Krivn_S`Tai_(Armor)
P 836.0000, -9.0000, -52.8000, 0, 120, 0, 2, Marenkor_To`Biath_(General)
P 795.0000, -46.0000, -65.8000, 0, 120, 0, 2, Glazn_D`Unnar_(Smithing)
P 798.0000, -61.0000, -65.8000, 0, 120, 0, 2, Sivy_G`Noir_(Smithing)
P 847.0000, -11.0000, -66.8000, 0, 120, 0, 2, Rysva_To`Biath_(General)
P 874.0000, -20.0000, -52.8000, 0, 120, 0, 2, Marza_T`Kix_(Alchemy)
P 883.0000, -82.0000, -52.8000, 0, 120, 0, 2, Niz_L`Crit_(Baking)
P 865.0000, -71.0000, -52.8000, 0, 120, 0, 2, Dunred_M`Trik_(General)
P 900.0000, -82.0000, -24.8700, 0, 120, 0, 2, Zartox_Ru`Soe_(Jewelcrafting)
P 930.0000, -81.0000, -24.8000, 0, 120, 0, 2, Nekola_N`Ryt_(Jewelcrafting)
P 971.0000, -93.0000, -41.9676, 0, 120, 0, 2, Lynsalai_(Merchant)
P 1216.0000, 50.0000, -24.8000, 80, 80, 80, 2, Yegek_B`Larin
P 968.0000, -149.0000, -38.8000, 80, 80, 80, 2, Jayna_D`Bious
P 962.0000, -142.0000, -38.8000, 80, 80, 80, 2, Gath_N`Mare
P 962.0000, -156.0000, -38.8000, 80, 80, 80, 2, Camia_V`Retta
P 1126.0000, -24.0000, -48.8000, 80, 80, 80, 2, Seloxia_Punox
P 1143.0000, 35.0000, -52.8000, 80, 80, 80, 2, Narex_T`Vem
P 1150.0000, 27.0000, -52.8000, 80, 80, 80, 2, Jarrex_N`Ryt
P 1142.0000, 20.0000, -52.8000, 80, 80, 80, 2, Trizam_N`Tan
P 970.0000, -93.0000, -38.8400, 0, 120, 0, 2, Lynsalai_T`Nyal_(Parcels_and_General)
P 1028.0000, 271.0000, -36.8000, 0, 0, 0, 2, Isvan_S`Lon
P 1217.0000, -40.0000, -10.8000, 0, 120, 0, 2, Lysanda_S`Kor_(General)
P 486.0000, 77.0000, -24.7500, 0, 0, 0, 2, Fleshweaver_T`soma
P 985.0000, 153.0000, -38.8000, 0, 0, 0, 2, Vorshar_the_Despised
P 862.0000, -78.0000, -52.8000, 0, 0, 0, 2, Kwilrz_Vn`Ycxa
P 901.0000, -151.0000, 17.1300, 80, 80, 80, 2, Ryoz_K`Tarn
P 899.0000, -139.0000, 17.1300, 0, 0, 0, 2, Syrn_L`Crit
P 899.0000, -132.0000, 17.1300, 80, 80, 80, 2, Asyln_C`Luzz
P 875.0000, -133.0000, 17.1300, 80, 80, 80, 2, Jucra_V`Lask
P 984.0000, -119.0000, 3.1300, 0, 0, 0, 2, Draxiz_N`Ryt
P 995.0000, -151.0000, -24.8000, 0, 0, 0, 2, Olavn_N`Mar
P 976.0000, -141.0000, -38.8000, 0, 120, 0, 2, Riv_N`Mar_(Magician_Spells)
P 975.0000, -156.0000, -38.8000, 0, 120, 0, 2, Tal_G`Noir_(Enchanter_Spells)
P 951.0000, -148.0000, -38.8000, 0, 120, 0, 2, Mignar_Mi`Draskch_(Wizard_Spells)
P 918.0000, -119.0000, -38.8000, 0, 120, 0, 2, Genzal_R`Jyen_(Magician)
P 923.0000, -121.0000, -38.8000, 0, 120, 0, 2, Ranza_S`lon_(Magician_Spells)
P 925.0000, -128.0000, -38.8000, 80, 80, 80, 2, Belux_J`Ver
P 923.0000, -134.0000, -38.8000, 0, 120, 0, 2, Cizzar_J`Axx_(Magician_Spells)
P 924.0000, -176.0000, -38.8000, 0, 120, 0, 2, Kizya_D`Dbth_(Enchanter_Spells)
P 911.0000, -175.0000, -38.8000, 0, 120, 0, 2, Tizzy_C`Luzz_(Enchanter_Spells)
P 911.0000, -169.0000, -38.8000, 80, 80, 80, 2, Utvex_D`Jerna
P 918.0000, -178.0000, -38.8000, 0, 120, 0, 2, Veca_S`Karn_(Enchanter)
P 895.0000, -172.0000, -38.8000, 0, 120, 0, 2, Mak_Ixtaz_(Wizard_Spells)
P 897.0000, -167.0000, -38.8000, 0, 120, 0, 2, Dissa_C`Luzz_(Wizard_Spells)
P 874.0000, -167.0000, -38.8000, 0, 120, 0, 2, Mirzna_N`Mar_(Wizard)
P 873.0000, -172.0000, -38.8000, 0, 120, 0, 2, Kis_K`Jartan_(Wizard_Spells)
P 937.0000, -133.0000, -24.8000, 80, 80, 80, 2, Drizm_J`Axx
P 924.0000, -160.0000, -24.8000, 80, 80, 80, 2, Shanez_X`Teria
P 942.0000, -163.0000, -24.8000, 80, 80, 80, 2, Mavin_D`Dbth
P 954.0000, -164.0000, -24.8000, 0, 120, 0, 2, Mys_S`Tai_(Magician_Spells)
P 969.0000, -162.0000, -25.8000, 0, 120, 0, 2, Tkaz_H`Rugla_(General_Spells)
P 954.0000, -130.0000, -24.8000, 0, 120, 0, 2, Litz_B`Div_(Enchanter_Spells)
P 950.0000, -146.0000, -24.8000, 0, 0, 0, 2, Morgalanth_Tal`Raeloen
P 959.8526, -140.0449, -27.9979, 0, 120, 0, 2, a_spell_research_merchant_(Research)
P 974.6544, -133.9091, -28.9979, 0, 120, 0, 2, a_spell_research_merchant_(Research)
P 924.5722, -144.3803, -27.9979, 0, 120, 0, 2, a_spell_research_merchant_(Research)
P 933.7165, -157.5836, -27.9979, 0, 120, 0, 2, a_spell_research_merchant_(Research)
P 868.0000, -173.0000, 3.1300, 0, 0, 0, 2, Razran_F`Lok
P 927.9759, -48.3743, -55.9666, 0, 120, 0, 2, Guard_W`Selo_(Parcels)
P 1217.0000, 96.0000, -10.8000, 0, 120, 0, 2, Myrva_N`Tan_(General)
P 1238.0000, 89.0000, 3.1000, 0, 120, 0, 2, Svlis_C`Luzz_(General)
P 1237.0000, -35.0000, 3.1000, 0, 120, 0, 2, Frivsa_Punox_(General)
P 639.0000, 85.0000, -24.7500, 0, 0, 0, 2, Dragoon_V`Retta
P 1127.1680, 26.5353, -27.9975, 0, 0, 0, 2, The_Indigo_Brotherhood
