P 852.9167, -211.3433, -41.9676, 190, 0, 0, 3, to_Neriak_-_Commons
P 1782.7271, -911.0000, -69.9064, 190, 0, 0, 3, to_Neriak_-_Fourth_Gate
P 811.0000, -512.0000, -27.9969, 190, 0, 0, 2, from_The_Hole_(portal)
P 969.0000, -892.0000, 0.0000, 190, 0, 0, 2, Succor
P 1614.3004, -1351.1123, -97.9666, 0, 0, 0, 2, Altar_Room
P 1469.5678, -900.2118, -111.9666, 120, 95, 0, 2, Fake_Wall
P 1516.3466, -774.6770, -83.9676, 0, 0, 0, 2, The_Rack
P 1445.6107, -748.9585, -83.9676, 0, 0, 0, 2, Cuisine_Excelsior
P 1448.1704, -880.0204, -83.9676, 0, 0, 0, 2, The_Maiden`s_Fancy
P 1423.2384, -822.9168, -83.9676, 0, 0, 0, 2, The_Bauble
P 1320.7628, -765.1466, -83.9676, 0, 0, 0, 2, Furrier_Royale
P 1316.1223, -859.0180, -69.9676, 0, 0, 0, 2, Neriak_Library
P 810.1999, -403.6719, -52.4991, 0, 0, 0, 2, Gallows
P 860.0000, -409.0000, -52.8000, 0, 120, 0, 2, Lyniv_S`Kor_(Cleric_Spells)
P 853.0000, -400.0000, -52.8400, 0, 120, 0, 2, Myris_N`Tan_(Cleric_Spells)
P 835.0000, -408.0000, -52.8400, 0, 120, 0, 2, Tzanso_S`Tai_(Weapons)
P 1715.2500, -1362.5000, -97.0000, 0, 120, 0, 2, Petra_D`Dbth_(Pottery)
P 811.0000, -411.0000, -52.8000, 0, 0, 0, 2, Verina_Tomb
P 819.0000, -407.0000, -52.8000, 0, 0, 0, 2, High_Priestess_Alexandria
P 815.0000, -453.0000, -51.8000, 0, 120, 0, 2, Dvis_Zexus_(General)
P 810.0000, -413.0000, -10.8000, 80, 80, 80, 2, Ulazia_W`Selo
P 1351.0000, -913.0000, -66.8000, 0, 120, 0, 2, Misar_D`Dbth_(Wizard_Spells)
P 1313.0000, -913.0000, -66.8000, 0, 120, 0, 2, Mizr_N`Mar_(Enchanter_Spells)
P 1277.0000, -913.0000, -66.8000, 0, 120, 0, 2, Jusar_V`Lask_(Wizard_Spells)
P 1245.0000, -894.0000, -66.8000, 0, 0, 0, 2, Lokar_To`Biath
P 1350.0000, -916.0000, -52.8000, 0, 120, 0, 2, Ash_C`Luzz_(Magician)
P 1316.0000, -913.0000, -52.8000, 0, 0, 0, 2, Nallar_Q`Tentu
P 1277.0000, -915.0000, -52.8000, 0, 120, 0, 2, Drisi_J`Axx_(Wizard_Spells)
P 1779.0000, -694.0000, -87.8000, 0, 120, 0, 2, Draan_N`Ryt_(Smithing)
P 1825.0000, -681.0000, -80.8000, 0, 0, 0, 2, Krizin_J`Narus
P 1511.0000, -763.0000, -80.8000, 0, 120, 0, 2, Yally_G`Noir_(General)
P 1499.0000, -857.0000, -80.8000, 0, 120, 0, 2, Krystiana_N`Ryt_(Smithing)
P 1567.7708, -834.4406, -83.9666, 120, 0, 220, 2, Teir`Dal_Forge_(Cultural)
P 1473.0000, -701.0000, -80.8000, 0, 120, 0, 2, Katara_L`Crit_(Brewing)
P 1471.0000, -703.0000, -66.8000, 0, 120, 0, 2, Grazis_L`Crit_(Brewing)
P 1418.0000, -807.0000, -80.8000, 0, 120, 0, 2, Telnor_D`Unnar_(Jewelcrafting)
P 1423.0000, -890.0000, -78.9000, 0, 0, 0, 2, Ratraz
P 1412.0000, -910.0000, -80.8000, 0, 120, 0, 2, Cecile_K`Jartan_(General)
P 1402.2812, -900.4295, -83.9666, 120, 0, 220, 2, Brewing_Barrel
P 1423.0000, -864.0000, -108.8000, 0, 120, 0, 2, Belyea_K`Jartan_(General)
P 1436.0000, -861.0000, -104.8000, 0, 0, 0, 2, Dizra_To`Biath
P 1464.0000, -856.0000, -103.0000, 0, 0, 0, 2, Mare_X`Lottl
P 1412.0000, -849.0000, -93.0000, 0, 0, 0, 2, Ambassador_Rylan
P 1419.0000, -914.0000, -105.0000, 0, 0, 0, 2, Spice
P 1309.0000, -769.0000, -80.8000, 0, 120, 0, 2, Medron_Y`Lask_(Armor)
P 1283.0000, -600.0000, -80.8000, 0, 0, 0, 2, Sazan_K`Jartan
P 1311.0000, -666.0000, -101.8000, 80, 80, 80, 2, Tani_N`Mar
P 1361.0000, -677.0000, -108.8000, 80, 80, 80, 2, Pazin_Punox
P 1350.0000, -621.0000, -94.8000, 0, 120, 0, 2, Kanthu_M`Rekkor_(Weapons)
P 1401.0000, -630.0000, -94.8000, 0, 120, 0, 2, Jerris_W`Selo_(Weapons)
P 1643.3800, -1277.7500, -68.0000, 0, 0, 0, 2, #Gribnor_the_Small
P 1644.0000, -1142.0000, -80.7500, 0, 0, 0, 2, Lisvan_X`Lottl
P 1323.0000, -1352.0000, -66.8000, 0, 0, 0, 2, DeGarran_Kixl
P 1219.0000, -1253.0000, -80.8000, 80, 80, 80, 2, Glazin_K`Jartan
P 1235.0000, -1335.0000, -80.8000, 0, 120, 0, 2, Xantis_Ixtax_(Necromancer)
P 1274.0000, -1261.0000, -52.8000, 80, 80, 80, 2, Frizin_Q`Tentu
P 1273.0000, -1279.0000, -52.8000, 0, 120, 0, 2, Gasia_N`Mare_(Necromancer_Spells)
P 1254.0000, -1303.0000, -38.8000, 80, 80, 80, 2, Noxhil_V`Sek
P 1223.0000, -1271.0000, -38.8000, 0, 0, 0, 2, Talorial_D`Estalian
P 860.0000, -746.0000, -52.7500, 0, 0, 0, 2, Exterminator_Gilea
P 762.4105, -415.4241, -55.9666, 0, 120, 0, 2, Trik_N`Tax_(Cleric_Spells)
P 765.0000, -404.0000, -52.8000, 0, 120, 0, 2, Issia_H`Rugla_(Cleric_Spells)
P 785.0000, -400.0000, -52.8000, 0, 120, 0, 2, Svlia_C`Luzz_(Cleric_Spells)
P 790.0000, -412.0000, -52.8000, 0, 120, 0, 2, Friz_Punox_(Cleric_Spells)
P 836.0000, -400.0000, -52.8400, 0, 120, 0, 2, Sol_Punox_(Cleric_Spells)
P 847.0000, -447.0000, 3.1300, 80, 80, 80, 2, Ithvol_K`Jasn
P 774.0000, -448.0000, 3.1300, 80, 80, 80, 2, Kerton_R`Dev
P 1293.0000, -747.0000, -80.7500, 0, 120, 0, 2, Hutyn_L`Lozz_(Tailoring)
P 1294.0000, -640.0000, -80.8000, 80, 80, 80, 2, Selzar_L`Crit
P 1360.0000, -654.0000, -108.8000, 80, 80, 80, 2, Hekzin_G`Zule
P 1268.0000, -1276.0000, -80.8000, 80, 80, 80, 2, Tralon_Din`a
P 1284.0000, -1247.0000, -80.8000, 80, 80, 80, 2, Ulraz_S`Lon
P 1213.0000, -1336.0000, -80.8000, 0, 120, 0, 2, Rizyra_F`Lok_(Necromancer_Spells)
P 1227.0000, -1335.0000, -80.8000, 0, 120, 0, 2, Olak_N`Mar_(Necromancer_Spells)
P 1239.0000, -1335.0000, -80.8000, 0, 120, 0, 2, Misal_S`Kor_(Necromancer_Spells)
P 1239.0000, -1320.0000, -80.8000, 0, 120, 0, 2, Vissa_D`Dbth_(Necromancer_Spells)
P 1269.0000, -1255.0000, -52.8000, 80, 80, 80, 2, Loveal_S`Nez
P 1234.0000, -1276.0000, -80.8000, 80, 80, 80, 2, Nezzka_Tolax
P 1252.0000, -1282.0000, -78.8000, 80, 80, 80, 2, Xon_Quexill
P 1318.0000, -628.0000, -76.4000, 80, 80, 80, 2, Eolorn_J`Axx
P 788.0000, -408.0000, -52.8000, 80, 80, 80, 2, Perrir_Zexus
P 810.5334, -518.4429, -52.9667, 0, 0, 0, 2, The_Temple_of_Innoruuk
P 1253.5582, -1177.1068, -97.9666, 0, 0, 0, 2, The_Lodge_of_the_Dead
