P -155.1780, -20.6846, 28.6259, 180, 0, 0, 3, to_Nektulos_Forest
P 361.0000, -85.0000, -13.9969, 180, 0, 0, 3, to_Neriak_-_Commons
P 453.5140, 249.2489, 14.0019, 180, 0, 0, 3, to_Neriak_Commons
P 78.0000, 191.0000, 39.0009, 180, 0, 0, 2, Priest_of_Discord
P -157.0000, 3.0000, 0.0000, 180, 0, 0, 2, Succor
P 485.3254, 352.1282, 14.0019, 120, 95, 0, 2, Fake_Wall
P 404.1685, 272.9530, 14.0009, 95, 40, 180, 2, Forge
P 393.4217, 292.6951, 0.0009, 95, 40, 180, 2, Forge
P 275.3045, -143.3281, 0.0009, 95, 40, 180, 2, Oven
P 189.6875, -131.1992, 0.0009, 95, 40, 180, 2, Loom
P 160.6299, 362.2219, 0.0009, 95, 40, 180, 2, Oven
P 67.3341, -200.4320, 0.0009, 95, 40, 180, 2, Pottery_Wheel
P 80.1043, -206.1800, 0.0009, 95, 40, 180, 2, Kiln
P 174.8998, -224.1489, 14.0019, 95, 40, 180, 2, Brewing_Barrel
P 91.4879, -273.4404, 14.0019, 35, 35, 35, 2, Market_View
P 60.2313, -249.1564, 17.1259, 35, 35, 35, 2, Gambel`s_Greens
P 216.2301, -185.1955, 17.1259, 35, 35, 35, 2, Slug`s_Tavern
P 238.1875, -131.1219, -0.3739, 35, 35, 35, 2, Drana`s_Bread_and_Butcher
P 161.4031, -132.3797, 0.6259, 35, 35, 35, 2, Silk_Underground
P 101.1451, -151.8113, -0.3739, 35, 35, 35, 2, The_Smuggler`s_Inn
P 440.5072, 298.4491, 15.6259, 35, 35, 35, 2, Pig_Sticker
P 270.9522, 345.5782, -3.3739, 35, 35, 35, 2, Bulls_Pit
P 124.1252, 343.6441, 0.6259, 35, 35, 35, 2, Bites_N_Pieces
P 169.2820, 290.6125, 0.6259, 35, 35, 35, 2, Shinie_Tings
P 95.0000, -205.0000, 0.0009, 25, 25, 25, 2, Nola_(Soulbinder)
P 365.0000, 221.0000, 8.0000, 0, 130, 0, 2, Jarvah_(Armor)
P 295.0000, 213.0000, 19.6300, 0, 130, 0, 2, Putad_(Smithing)
P 278.0000, 203.0000, 19.9000, 0, 130, 0, 2, Ungia_(Smithing)
P 387.0000, 241.0000, 8.0000, 0, 130, 0, 2, Bronk_(Armor)
P 418.0288, 603.7653, 23.8130, 0, 130, 0, 2, Spell_Vendors
P 437.0000, 562.0000, 1.0009, 0, 130, 0, 2, Zumzal_(Merchant)
P 472.0000, 598.0000, 19.6259, 95, 95, 95, 2, Hukulk_(GM_Shadowknight)
P 488.0000, 578.0000, 19.6259, 95, 95, 95, 2, Ranjor_(GM_Warrior)
P 350.0000, 578.0000, 19.6259, 95, 95, 95, 2, Gardunk_(GM_Beastlord)
P 367.0000, 598.0000, 19.6259, 95, 95, 95, 2, Kaglari_(GM_Shaman)
P 173.0000, -175.0000, 3.1300, 0, 130, 0, 2, Javen_TaVos_(Tailoring)
P 110.0000, -206.0000, 3.7500, 0, 130, 0, 2, Palais_Derekor_(Satchels)
P 56.0000, -200.0000, 2.1900, 0, 130, 0, 2, Farlain_Stonethrower_(Armor)
P 186.0000, -147.0000, 3.7000, 0, 130, 0, 2, Jasma_Tather_(Armor)
P 174.0000, -130.0000, 3.7000, 0, 130, 0, 2, Mordant_Tather_(Armor)
P 97.0000, -136.0000, 17.7500, 0, 130, 0, 2, Tala_Felton_(General)
P 195.0000, -177.0000, 17.7000, 0, 130, 0, 2, Damar_Nislan_(General)
P 241.0000, -215.0000, 30.5000, 0, 130, 0, 2, Tanai_Tanbor_(General)
P 227.0000, -246.0000, 16.5000, 0, 130, 0, 2, Uawn_Betell_(General)
P 243.0000, -210.0000, 2.7000, 0, 130, 0, 2, Dran_`slug`_Rembor_(General)
P 214.0000, -210.0000, 2.5000, 0, 130, 0, 2, Vala_Tanbor_(General)
P 250.0000, -106.0000, 3.7000, 0, 130, 0, 2, Tal_Drana_(General)
P 237.0000, -106.0000, 3.7000, 0, 130, 0, 2, Sal_Drana_(General)
P 425.0000, 277.0000, 20.0000, 25, 25, 25, 2, Namarg
P 437.0000, 366.0000, 19.0000, 25, 25, 25, 2, Oosa_Shadowthumper
P 171.0000, 267.0000, 5.0000, 0, 130, 0, 2, Canarie_(Jewelcrafting)
P 106.0000, 334.0000, 5.6000, 0, 130, 0, 2, Smaka_(General)
P 124.0000, 322.0000, 5.6000, 0, 130, 0, 2, The_Gobbler_(General)
P 193.0000, 335.0000, 5.0000, 0, 130, 0, 2, Slunga_(General)
P 224.0000, 314.0000, 5.6000, 25, 25, 25, 2, Mrak
P 313.0000, 315.0000, 5.0000, 25, 25, 25, 2, Karnan
P 316.0000, 371.0000, 5.6000, 25, 25, 25, 2, Uglan
P 339.0000, 336.0000, 3.1300, 25, 25, 25, 2, Pungla
P 221.0000, 371.0000, 5.0000, 25, 25, 25, 2, Capee
P 251.0000, 389.0000, 5.6000, 0, 130, 0, 2, Bull_Crusher_(General)
P 352.0000, 330.0000, 23.0000, 25, 25, 25, 2, Relgor
P 208.0000, 339.0000, 23.0000, 25, 25, 25, 2, Svunsa
P 260.0000, 259.0000, 5.6000, 25, 25, 25, 2, Ghrag
P 264.0000, -242.0000, 2.5000, 0, 130, 0, 2, Yala_Thiss_(General)
P 226.7348, -202.9298, 28.0019, 0, 130, 0, 2, Sara_Buelle_(General,Roam)
P 59.0000, -253.0000, 17.7000, 0, 130, 0, 2, Gambel_Quick_(Alchemy)
P 91.0000, -147.0000, 4.6000, 0, 130, 0, 2, ChonChon_(Pottery)
P 92.0000, -136.0000, 2.7000, 0, 130, 0, 2, Darien_Felton_(General)
P 103.0000, -159.0000, 19.5000, 0, 130, 0, 2, Wiska_(Brewing)
P 115.0000, 0.0000, 2.0000, 0, 130, 150, 2, Divn_L`Crit
P 110.0000, -32.0000, 3.1300, 25, 25, 25, 2, Psal_G`Noir
P 108.0000, 31.0000, 3.1300, 0, 130, 150, 2, Lisv_D`Unnar
P 49.0000, 12.0000, 45.0900, 25, 25, 25, 2, X`Ta_Tompi
P 36.0000, -1.0000, 45.0900, 25, 25, 25, 2, X`Ta_Timpi
P 29.0000, 0.0000, 45.0900, 25, 25, 25, 2, X`Ta_Tempi
P 7.0000, -48.0000, 45.0000, 0, 130, 0, 2, Nerta_D`Vile_(Tribute_Master)
P 236.0000, 260.0000, 19.6000, 25, 25, 25, 2, Jacker
P 455.0000, 307.0000, 20.6000, 0, 130, 0, 2, Kruna_(Weapons)
P 421.5331, 556.7415, 19.0019, 35, 35, 35, 2, Neriak_Overlook
