P -3030.1037, 1535.0552, -0.1864, 255, 0, 0, 3, to_The_Western_Plains_of_Karana
P 3071.1369, -11.8329, -36.7176, 255, 0, 0, 3, to_The_Eastern_Plains_of_Karana
P -1211.2083, 4355.5541, -33.7801, 255, 0, 0, 3, to_The_Southern_Plains_of_Karana
P -1250.0000, 3700.0000, 0.0000, 255, 0, 0, 2, Wizard_port
P 382.0000, 284.0000, 0.0000, 255, 0, 0, 2, Succor
P 1449.3822, 2730.6757, -10.6239, 255, 0, 0, 2, Druid_Ring
P -1299.3543, 3704.1210, -10.9654, 255, 255, 255, 2, Great_Spires
P 2088.4350, 1385.9102, -8.2237, 240, 240, 240, 2, Farm
P 990.3425, 3711.5307, 0.7613, 240, 240, 240, 2, Farm
P -1997.1480, 2212.9816, -10.4237, 240, 240, 240, 2, Farm
P -128.0866, 1236.8046, 63.8714, 255, 255, 255, 2, Watch_Tower
P 200.0000, 617.0000, -7.4000, 0, 128, 0, 2, Romi_(Bar)
P 156.0000, 685.0000, -7.4000, 0, 128, 0, 2, Mrysila_(General)
P 200.0000, 681.0000, -7.4000, 0, 128, 0, 2, Romella_(General)
P 220.0000, 644.0000, -7.4000, 0, 128, 0, 2, Roule_(Weapons)
P 1464.6453, 2730.4118, -8.7489, 0, 128, 0, 2, Tak_(Spells)
P -1201.0000, 4148.0000, 17.3000, 0, 127, 0, 2, Bilbis_Briar_(General)
P -2222.0000, -416.0000, 1.0000, 0, 127, 0, 2, Barkeep_Jeny_(Bar)
P -1379.0000, -156.0000, 0.4000, 0, 127, 0, 2, Innkeep_James_(General)
P -2248.0000, -432.0000, 1.0000, 0, 127, 0, 2, Barkeep_Milo_(Bar)
P -1382.0000, -118.0000, 0.4000, 0, 127, 0, 2, Innkeep_Disda_(General)
P 128.2622, 660.2317, -11.2479, 0, 240, 0, 2, Laitia_(Parcels)
P 2699.2500, 327.1156, -54.7290, 0, 0, 0, 2, Lauren
P 2694.3537, 333.5365, -54.6639, 0, 0, 0, 2, Tyler
P 1943.0000, -1231.0000, -0.5000, 0, 0, 0, 2, Nul_Aleswiller
P 405.4465, 244.0902, -11.2479, 0, 0, 0, 2, Quinada_Vorana
P 131.0000, 613.0000, -7.4000, 0, 0, 0, 2, Ezmirella
P 11.0000, 659.0000, -7.4000, 0, 0, 0, 2, Shiel_Glimmerspindle
P -2071.1137, 2159.5568, -11.0521, 0, 0, 0, 2, Dellcalgar_Drusiris
P -1166.9888, 3796.1220, -11.1775, 0, 0, 0, 2, Cordelia_Minster
P -1357.0000, 3601.0000, -9.5000, 0, 0, 0, 2, Balglaiel_Delver
P -1211.0000, 4137.0000, 17.3000, 0, 0, 0, 2, Brother_Nallin
P -2276.0000, -497.0000, -7.8000, 0, 0, 0, 2, Cordelia_Minster
P -1218.0000, 4138.0000, 66.1000, 0, 0, 0, 2, Capt_Linarius
P 2023.0000, -1237.0000, 0.0000, 0, 0, 0, 2, Zahal_the_Vile
P 1535.9208, -1492.9610, 72.8125, 0, 0, 0, 2, Regis_the_Reverent
P 520.4921, 661.5048, -11.2479, 127, 64, 0, 2, Ashenpaw_(Hunter)
P -2377.6767, 1544.3666, -10.1979, 127, 64, 0, 2, Ashenpaw_(Hunter)
P -994.5575, 371.8359, -11.2479, 127, 64, 0, 2, Ashenpaw_(Hunter)
P 633.2813, -829.0991, 6.1934, 127, 64, 0, 2, Callowwing_(Hunter)
P -1703.6700, 2295.9200, -7.3400, 127, 64, 0, 2, Grimtooth
P 744.4351, 2089.1481, -9.6873, 127, 64, 0, 2, Korvik_the_Cursed_(Hunter)
P -1154.5629, 1414.1553, -10.8963, 127, 64, 0, 2, Lieutenant_Midraim_(Hunter)
P -945.0634, 149.2860, -11.2479, 127, 64, 0, 2, Lieutenant_Midrain_(Hunter)
P -2104.6696, 3174.3637, -5.0097, 127, 64, 0, 2, Lieutenant_Midrain_(Hunter)
P -2912.3952, 3011.2260, -3.9354, 127, 64, 0, 2, Swiftclaw_(Hunter)
P -2810.1298, -976.9611, 5.2063, 127, 64, 0, 2, Swiftclaw_(Hunter)
P -2367.0478, 1063.6287, -10.4533, 127, 64, 0, 2, Swiftclaw_(Hunter)
P 1656.6790, 2832.7365, -11.2479, 127, 64, 0, 2, Swiftclaw_(Hunter)
P 124.1586, 2936.1474, -9.7087, 127, 64, 0, 2, Timbur_the_tiny_(Hunter)
P 1032.0000, 3054.0000, -40.0000, 127, 64, 0, 2, Bristletoe_(Hunter,Roam)
P 3107.9455, 287.6031, -45.1844, 240, 240, 240, 2, Serpent_River
P 165.0381, 647.5471, -9.0209, 240, 240, 240, 2, Gypsy_Camp
