P -87.0000, 87.0000, 0.0000, 255, 0, 0, 3, from_The_Plane_of_Tranquility
P -371.0000, 2.0000, -1.0000, 255, 0, 0, 3, to_The_Plane_of_Tranquility
P -58.0000, 61.0000, 2.8125, 255, 0, 0, 2, Succor
P -82.4700, 74.9029, 0.8789, 240, 240, 240, 2, Graveyard
P -216.0000, -474.0000, 0.0000, 240, 240, 0, 2, Portal_to_Trial_Area
P 402.8131, 775.9037, -29.9980, 240, 240, 0, 2, Hidden_Door
P -470.0000, -862.0000, 6.8131, 240, 240, 240, 2, Trial_Area
P -403.8152, -763.7896, 10.3145, 240, 240, 240, 2, Execution
P -425.9629, -808.8976, 10.3143, 240, 240, 240, 2, Lashing
P -430.0781, -722.0334, 10.3141, 240, 240, 240, 2, Stoning
P -506.3215, -724.2231, 10.3140, 240, 240, 240, 2, Torture
P -531.9373, -761.6058, 10.3138, 240, 240, 240, 2, Hanging
P -511.0689, -802.4705, 10.3137, 240, 240, 240, 2, Flame
P 118.9773, 1123.3949, 71.8162, 240, 240, 240, 2, Trial_of_Stoning
P -159.2869, 645.9429, -28.4846, 240, 240, 240, 2, Factionless_Area
P 309.5762, -99.5407, -3.4842, 0, 0, 240, 1, GS:_Platinum_Token
P 303.0980, 19.1268, -3.4688, 240, 240, 240, 2, Creatures_of_Justice_Faction_(South)
P 301.3499, -16.3882, -3.4688, 240, 240, 240, 2, Prisoners_of_Justice_(North)
P -75.0000, -1228.0000, 15.8000, 240, 127, 0, 2, The_Seventh_Hammer
P -742.0000, 455.0000, -26.2000, 0, 127, 127, 2, #Mavuin
P 809.7567, 567.6353, -28.2037, 0, 0, 0, 2, Sralm_Noramir
P -259.0000, 387.0000, -25.0000, 0, 0, 0, 2, Dreamthief
P -613.0000, 386.0000, -24.3000, 0, 0, 0, 2, Tetorau_Xi_Atraeth
P -619.0000, 563.0000, -24.3000, 0, 0, 0, 2, The_Xel`Moar
P -549.0000, 376.0000, -23.7500, 0, 0, 0, 2, Xenioth_the_Endless
P -416.0000, 572.0000, -17.5000, 0, 0, 0, 2, Talliz
P -433.0000, 392.0000, -24.3700, 0, 0, 0, 2, Nghala_Sretch
P -368.0000, 378.0000, -24.3700, 0, 0, 0, 2, General_Vhan`Geltah
P -269.0000, 567.0000, -17.5000, 0, 0, 0, 2, Kalliz
P 403.0000, 759.0000, -27.4000, 0, 0, 0, 2, Priest_of_Tumagal
P 207.0000, 83.0000, -1.2500, 0, 0, 0, 2, Zayenaekk
P -872.8710, 1224.6519, 70.3144, 127, 64, 0, 2, an_accursed_tormentor_(Hunter)
P 960.8198, 1071.3224, -27.1156, 127, 64, 0, 2, the_ancient_crawler_(Hunter)
P 589.9243, 1122.5829, -20.0252, 127, 64, 0, 2, a_blood_leech_(Hunter)
P -948.4842, 728.4711, 52.3145, 127, 64, 0, 2, a_burning_nemesis_(Hunter)
P 427.5113, 1181.1001, -29.1326, 127, 64, 0, 2, a_diamond_beetle_(Hunter)
P -806.4781, 731.0502, 52.3145, 127, 64, 0, 2, a_fiery_aggressor_(Hunter)
P 672.3472, 453.7673, -26.9871, 127, 64, 0, 2, a_grallok_appraisor_(Hunter)
P 808.3737, 606.3536, -29.4734, 127, 64, 0, 2, a_grallok_crusader_(Hunter)
P 912.4312, 782.6042, -29.6855, 127, 64, 0, 2, a_grallok_elder_(Hunter)
P 693.7745, 778.2849, -29.2356, 127, 64, 0, 2, a_grallok_overseer_(Hunter)
P 912.4312, 782.6042, -29.6855, 127, 64, 0, 2, the_grallok_underworld_(Hunter)
P -1370.4612, 1074.1354, -1.6855, 127, 64, 0, 2, a_harrowing_lasher_(Hunter)
P -217.9189, 1091.7460, 70.3145, 127, 64, 0, 2, herald_of_destruction_(Hunter)
P -874.4467, 1036.4170, 70.3145, 127, 64, 0, 2, nemesis_of_despair_(Hunter)
P 30.2332, 1120.1078, 71.5286, 127, 64, 0, 2, nemesis_of_stone_(Hunter)
P -539.3835, 1114.8687, 70.3144, 127, 64, 0, 2, phantom_of_asphyxiation_(Hunter)
P -162.6093, 1072.3893, 70.3145, 127, 64, 0, 2, priest_of_doom_(Hunter)
P 235.5212, 1119.9042, 71.5046, 127, 64, 0, 2, a_ruthless_grinder_(Hunter)
P 621.9484, 999.1606, -28.4304, 127, 64, 0, 2, a_screeching_parasite_(Hunter)
P -527.2036, 1071.9374, 70.3145, 127, 64, 0, 2, a_smothering_nemesis_(Hunter)
P -1363.6779, 1170.2134, -1.6855, 127, 64, 0, 2, a_stinging_nemesis_(Hunter)
P 881.1890, 1325.3550, -27.7171, 127, 64, 0, 2, the_yrendan_scarab(Hunter,ENC:1.5)
P -91.7534, -205.6730, -4.9980, 240, 240, 240, 2, Tormented_Wraiths
P -208.0000, -472.0000, -31.6200, 0, 0, 0, 2, #Jacosh_Steldenn
P -122.8926, -27.2031, -4.9980, 0, 0, 0, 2, Sraim_Noramir
P -113.0000, -72.9900, -3.1200, 0, 0, 0, 2, Norlta_Zamish
P -73.0000, -121.0000, -0.6200, 0, 0, 0, 2, Alkus_McNeeson
P 33.0000, -118.0000, -2.5000, 0, 0, 0, 2, Klaren_Dunn
P 89.0000, -109.0000, 0.3600, 0, 0, 0, 2, Sheyna_D`Leen
P 115.0000, -39.0000, 0.6200, 0, 0, 0, 2, Rhionn_Leafsblade
P 122.0000, 22.0000, 0.5000, 0, 0, 0, 2, Moobik
P 118.0000, 70.0000, -0.6200, 0, 0, 0, 2, Kuraal_Nem_Azmih
P 63.0000, 128.0000, -1.2500, 0, 0, 0, 2, Sister_Tomyn
P 80.0000, 111.0000, -1.2500, 0, 0, 0, 2, Aneya_Mallar
P 24.0000, 125.0000, -1.2500, 0, 0, 0, 2, Royal_Guardian_Finro
P -40.0000, 114.0000, 1.0600, 0, 0, 0, 2, Thrak_Riftwing
P -57.0000, 123.0000, -1.8700, 0, 0, 0, 2, Trazin_D`Feyl
P -143.5000, 93.5000, -0.6200, 0, 0, 0, 2, Shaldyn_Thunderhoof
P -118.0000, 20.0000, -0.6200, 0, 0, 0, 2, Shera_Banneth
P 195.0000, -94.0000, -1.2500, 0, 0, 0, 2, Wurgoz
P 207.0000, -49.0000, -1.2500, 0, 0, 0, 2, Elzabetha_Ianthe
P 299.0000, -118.0000, -2.5000, 0, 0, 0, 2, Vulur_Stonehold
P 301.0000, -157.0000, -0.6200, 0, 0, 0, 2, High_Shaman_Dannal
P 131.0000, -297.0000, -1.2500, 0, 0, 0, 2, Genni_Dulzane
P 119.0000, -300.0000, -2.5000, 0, 0, 0, 2, Dumann_the_Quick
P 121.0000, -290.0000, -1.2500, 0, 0, 0, 2, Golikan
P 35.0000, -198.0000, 1.3700, 0, 0, 0, 2, Yventa_Va`Ssula
P 79.2000, -222.2100, -0.9400, 0, 0, 0, 2, Zakis_Var_Sl`tad
P -148.0000, -293.0000, -1.8700, 0, 0, 0, 2, Captain_Nyra
P -101.0000, -278.0000, 0.4300, 0, 0, 0, 2, Tamyna_Willowsong
P -32.0000, -209.0000, -3.1200, 0, 0, 0, 2, Fubbel_Copperwheel
P -35.0000, -205.0000, -3.1200, 0, 0, 0, 2, Baxo_Numbalin
P 103.0000, -458.0000, -27.5000, 0, 0, 0, 2, Nemli
P 126.0000, -454.0000, -25.9400, 0, 0, 0, 2, Master_Vhezar
P 141.0000, -439.0000, -25.6200, 0, 0, 0, 2, Isseith_Xerok
P 178.0000, -374.0000, -23.9400, 0, 0, 0, 2, Umplud
P 228.0000, -366.0000, -24.5000, 0, 0, 0, 2, Grum
P 281.0000, -220.0000, -26.2500, 0, 0, 0, 2, Kantao_Darkwaters
P 234.0000, -209.0000, -26.2500, 0, 0, 0, 2, Commander_Ralinor
P 283.0000, -369.0000, -26.2500, 0, 0, 0, 2, Welas_Hollander
P 327.0000, -369.0000, -26.6900, 0, 0, 0, 2, Halkr_Nighman
P 328.0000, -354.0000, -25.6200, 0, 0, 0, 2, Kuvan_Wolvesbane
P 427.0000, -296.0000, -28.1200, 0, 0, 0, 2, Tamsin
P 376.0000, -280.0000, -26.2500, 0, 0, 0, 2, Drazl
P 347.0000, -423.0000, -52.8000, 0, 0, 0, 2, Trisha_Pettals
P 379.8949, -441.5799, -54.9980, 0, 0, 0, 2, tortured_spirit
P 378.0000, -469.0000, -51.2000, 0, 0, 0, 2, Shadalis_Oathbinder
P 518.7194, -504.8423, -54.9980, 0, 0, 0, 2, Al`Corisalm
P 527.0000, -485.0000, -49.8800, 0, 0, 0, 2, #Great_Bear
P 509.0000, -467.0000, -51.8000, 0, 0, 0, 2, Archpriest_Del`Maque
P 356.0000, -516.0000, -49.3000, 0, 0, 0, 2, Saal_the_Keeper
P 364.0000, -550.0000, -50.6000, 0, 0, 0, 2, Arch_Menoch_Vanim
P 448.0000, -606.0000, -51.8000, 0, 0, 0, 2, Zadyr_Moralin
P 461.1190, -607.2092, -54.9980, 240, 240, 240, 2, Forgotten_Spirits
P 382.0000, -742.0000, -26.2000, 0, 0, 0, 2, Nentae_Weaver
P 437.0000, -767.0000, -25.8000, 0, 0, 0, 2, Kimry_Joolimel
P 388.0000, -764.0000, -26.2000, 0, 0, 0, 2, Evia_N`Cizai
P 322.0000, -659.0000, -26.8000, 0, 0, 0, 2, Druenna_Oakshade
P 287.0000, -667.0000, -26.2000, 0, 0, 0, 2, Eyan_Thunderseeker
P 239.0000, -814.0000, -26.8000, 0, 0, 0, 2, Lasiya
P 236.0000, -834.0000, -27.4000, 0, 0, 0, 2, Parza
P 281.0000, -828.0000, -26.2000, 0, 0, 0, 2, Jegard_Q`Nacat
P 237.0000, -677.0000, -25.6000, 0, 0, 0, 2, Jhyric_Kan_Voth
P 195.0000, -662.0000, -24.9000, 0, 0, 0, 2, Gubkuk
P 235.0000, -658.0000, -26.2000, 0, 0, 0, 2, Librarian_Rushal
P 103.0000, -755.0000, -26.2000, 0, 0, 0, 2, Mystic_Bamina
P 143.0000, -765.0000, -26.2000, 0, 0, 0, 2, Qallan_Shellhopper
P 83.0000, -682.0000, -26.2000, 0, 0, 0, 2, Ranno_Zalpar
P 135.0000, -674.0000, -26.2000, 0, 0, 0, 2, Alchemist_Jorrum
P 100.0000, -496.0000, -26.2500, 0, 0, 0, 2, Summoner_Teikk
P 137.0000, -508.0000, -26.2500, 0, 0, 0, 2, Halken_Zeparr
P -212.9225, -473.8425, -35.9980, 240, 240, 0, 2, Teleporter
P -723.2456, 1119.5110, 85.0020, 240, 240, 240, 2, Trial_of_Torture
P -199.8901, 1120.3275, 70.0019, 240, 240, 240, 2, Trial_of_Execution
P -497.2297, 1101.6703, 70.0020, 240, 240, 240, 2, Trial_of_Hanging
P -880.0000, 719.6017, 52.0020, 240, 240, 240, 2, Trial_of_Flame
P 208.0000, 61.0000, -1.2500, 0, 0, 0, 2, Iyalinaoukh
P 305.0000, 141.0000, 0.0000, 0, 0, 0, 2, Mublok
P 275.0000, 168.0000, 2.3100, 0, 0, 0, 2, Yalaki
P 52.0000, 188.0000, 0.6300, 0, 0, 0, 2, Ra`Silyas
P 131.0000, 293.0000, 1.2500, 0, 0, 0, 2, Dremekal
P 101.0000, 204.0000, 0.6300, 0, 0, 0, 2, Trader_Sha`Deno
P 106.3966, 193.5581, -4.9980, 0, 0, 0, 2, warrior_of_Nel`Ptan
P -59.0000, 222.0000, -1.8700, 0, 0, 0, 2, Quillon
P -78.0000, 197.0000, -1.8700, 0, 0, 0, 2, Guardian_Ionew
P -166.0485, 307.2707, -4.9980, 0, 0, 0, 2, Wraith_of_Domagr
P 96.0000, 440.0000, -26.2500, 0, 0, 0, 2, Tjey_Xeda
P 142.0000, 442.0000, -25.6200, 0, 0, 0, 2, Djaa_Xeda
P 236.0000, 361.0000, -25.0000, 0, 0, 0, 2, Oracle_Morgak
P 178.0000, 373.0000, -22.7900, 0, 0, 0, 2, Treasurer_Ma`Quivo
P 236.0000, 219.0000, -25.6200, 0, 0, 0, 2, Cormin_Desalis
P 283.0000, 211.0000, -26.2500, 0, 0, 0, 2, Maen_Kul`Daar
P 320.0000, 358.0000, -25.0000, 0, 0, 0, 2, Syenni
P 281.0000, 370.0000, -25.0000, 0, 0, 0, 2, Trainer_Wazzel
P 423.0000, 287.0000, -26.2500, 0, 0, 0, 2, Habax_Blackfang
P 394.0000, 259.0000, -26.2500, 0, 0, 0, 2, Nerkila
P 371.0000, 420.0000, -51.2500, 0, 0, 0, 2, Karzyn_the_Dreadgazer
P 358.0000, 457.0000, -48.7500, 0, 0, 0, 2, Zammar_of_Tial`Vok
P 523.0000, 507.0000, -49.9000, 0, 0, 0, 2, Xin_Renthais_Ishan
P 520.0000, 472.0000, -49.9000, 0, 0, 0, 2, Xaui_Xi_Ans_Vius
P 499.0902, 480.2691, -54.9980, 0, 0, 0, 2, tormented_wraith
P 367.0000, 548.0000, -49.9000, 0, 0, 0, 2, Huntmaster_Synl
P 373.0000, 513.0000, -50.6000, 0, 0, 0, 2, Numeinastel
P 434.0000, 623.0000, -49.9000, 0, 0, 0, 2, Ral`Zehta
P 459.0000, 598.0000, -51.2000, 0, 0, 0, 2, Councilor_Vaylaz
P 327.0000, 664.0000, -25.6000, 0, 0, 0, 2, Conjurer_Mrial
P 294.0000, 664.0000, -25.6000, 0, 0, 0, 2, Georr_Kul`Daar
P 281.0000, 662.0000, -26.2000, 0, 0, 0, 2, Grandmaster_Xhaan
P 273.0000, 668.0000, -26.2000, 0, 0, 0, 2, Ten`Aphiim
P 279.0000, 822.0000, -24.9000, 0, 0, 0, 2, Ine`Thar_Di`zok
P 240.0000, 804.0000, -26.2000, 0, 0, 0, 2, Zemlan_Blackfang
P 194.0000, 664.0000, -26.8000, 0, 0, 0, 2, Advisor_Vyenz
P 227.0000, 671.0000, -25.6000, 0, 0, 0, 2, Nuryek
P 137.0000, 754.0000, -25.6000, 0, 0, 0, 2, Brugga
P 97.0000, 763.0000, -23.7000, 0, 0, 0, 2, Kennar
P 112.0000, 770.0000, -26.2000, 0, 0, 0, 2, Adilan_Lemansa
P 116.0000, 683.0000, -26.2000, 0, 0, 0, 2, Iziyaneema
P 101.0000, 670.0000, -26.2000, 0, 0, 0, 2, Azomnius
P 116.0000, 489.0000, -26.2500, 0, 0, 0, 2, Komazz
P 92.0000, 497.0000, -23.7500, 0, 0, 0, 2, Warlord_Urgalth
P 146.0000, 512.0000, -25.0000, 0, 0, 0, 2, Soothsayer_Greyal
P -131.3730, 293.5514, -3.4815, 240, 240, 240, 2, Wraith_of_Domagr