P -35.8756, 607.5742, -155.9979, 255, 0, 0, 3, to_Cabilis
P -43.3727, 813.8530, -155.9979, 255, 0, 0, 3, to_Grobb
P -131.7618, 918.7252, -155.9979, 255, 0, 0, 3, to_Neriak
P -444.5398, 914.8992, -155.9979, 255, 0, 0, 3, to_Oggok
P -885.0604, 900.5439, -155.9979, 255, 0, 0, 3, to_Overthere
P -1226.9878, 900.6967, -155.9979, 255, 0, 0, 3, to_Paineel
P 340.3917, 146.1351, -155.9979, 255, 0, 0, 3, to_The_Plane_of_Tranquility
P 324.9941, 365.9984, -155.9979, 255, 0, 0, 3, to_Firiona_Vie
P 236.4620, 467.0016, -155.9979, 255, 0, 0, 3, to_Freeport
P 74.5363, 468.8174, -155.9979, 255, 0, 0, 3, to_Ak`Anon
P 323.9992, -148.9008, -155.9979, 255, 0, 0, 3, to_Qeynos
P 340.4061, -364.6010, -155.9979, 255, 0, 0, 3, to_Shar_Vahl
P 239.1017, -452.7455, -155.9979, 255, 0, 0, 3, to_The_Great_Divide
P 73.6167, -465.2384, -155.9979, 255, 0, 0, 3, to_The_Nexus
P -34.3547, -589.6929, -155.9979, 255, 0, 0, 3, to_Erudin
P -29.7439, -813.0150, -155.9979, 255, 0, 0, 3, to_Felwithe
P -131.9151, -900.5663, -155.9979, 255, 0, 0, 3, to_Halas
P -474.8333, -910.2032, -155.5385, 255, 0, 0, 3, to_Kaladim
P -884.2222, -912.8628, -155.9979, 255, 0, 0, 3, to_Kelethin
P -1227.8921, -910.7941, -155.8080, 255, 0, 0, 3, to_Rivervale
P -140.8653, 468.9100, -156.9958, 255, 0, 0, 3, to_The_Arena
P -540.0000, 391.0000, -92.0000, 0, 128, 0, 2, Tabben_Bromal_(Tinkering)
P -752.0000, 342.0000, -94.1000, 0, 85, 0, 2, Caden_Zharik_(General)
P -801.0000, 294.0000, -92.1000, 0, 128, 0, 2, Amile_Pitt_(General)
P -944.0000, 304.0000, -93.8000, 255, 210, 0, 2, Dogle_Pitt
P -1455.0000, 129.0000, -124.5000, 0, 128, 0, 2, Ellis_Cloudchaser_(Fletching)
P -1393.0000, 63.0000, -107.5000, 0, 128, 0, 2, Johannes_O`Danos_(Alchemy)
P -1366.0000, -11.0000, -108.8000, 0, 128, 0, 2, Kanio_Paerk_(Smithing)
P -1428.0000, -132.0000, -108.2000, 0, 128, 0, 2, Zosran_Hammertail_(Smithing)
P -1441.2360, -96.5902, -107.6240, 128, 0, 128, 2, Forge
P -998.4105, -354.8999, -91.6240, 128, 0, 128, 2, Pottery_Wheel
P -769.0000, -423.0000, -92.2000, 0, 128, 0, 2, Kirem_Deepfacet_(Jewelcrafting)
P -798.9948, -338.5779, -91.6240, 128, 0, 128, 2, Pottery_Wheel
P -819.8561, -335.3420, -91.6240, 128, 0, 128, 2, Kiln
P -945.0000, -394.0000, -92.8000, 0, 128, 0, 2, Elisha_Dirtyshoes_(Pottery)
P -864.0000, -388.0000, -93.8000, 0, 128, 0, 2, Gligo_Muddypants_(Pottery)
P -842.0000, -408.0000, -94.1000, 0, 128, 0, 2, Nelin_Signus_(Tinkering)
P -1075.0000, -442.0000, -99.6000, 0, 128, 0, 2, Yeril_Imsin_(Smithing)
P -989.3795, -373.8947, -91.6240, 128, 0, 128, 2, Kiln
P -484.0000, -447.0000, -124.2000, 255, 210, 0, 2, Banker_Ceridan
P -484.0000, -432.0000, -124.2000, 255, 210, 0, 2, Banker_Granger
P -265.0577, 88.9665, -123.6240, 128, 0, 128, 2, Oven
P -264.7519, -86.4667, -127.9979, 128, 0, 128, 2, Brew_Barrel
P -196.9690, -10.6460, -123.6240, 128, 0, 128, 2, Brew_Barrel
P -325.0000, 77.0000, -124.2000, 0, 128, 0, 2, Noirin_Khalen_(Jewelcrafting)
P -325.0000, 54.0000, -125.8000, 0, 128, 0, 2, Bemli_Takoth_(Pottery)
P -159.0000, -396.0000, -156.2000, 128, 128, 128, 2, Sorcerer_Kerynth
P -164.0000, -432.0000, -156.2000, 128, 128, 128, 2, Phantasmist_Tairon
P 192.0000, -326.0000, -152.8000, 128, 128, 128, 2, Warder_Elwysaie
P 227.0000, -190.0000, -156.5000, 128, 128, 128, 2, Virtuoso_Legilwan
P 168.0000, 118.0000, -155.6000, 0, 128, 0, 2, Ferin_Lightfoot_(General)
P 215.0000, 88.0000, -155.6000, 0, 128, 0, 2, Mirao_Frostpouch_(Poison)
P -32.0000, 327.0000, -155.6000, 128, 128, 128, 2, Oracle_Maeth
P 38.0000, 347.0000, -155.6000, 128, 128, 128, 2, Savage_Lord_Etherat
P -1055.0000, 800.0000, -154.9000, 128, 128, 128, 2, Oracle_Guwan
P -1070.0000, 794.0000, -156.8000, 128, 128, 128, 2, High_Priest_Elikor
P -551.0000, 823.0000, -108.3000, 128, 128, 128, 2, Warlord_Gligoth
P -605.0000, 842.0000, -108.3000, 128, 128, 128, 2, Savage_Lord_Dwev
P -548.0000, 856.0000, -110.2000, 128, 128, 128, 2, Warlord_Skriek
P -549.0000, 791.0000, -110.2000, 128, 128, 128, 2, Oracle_Balek
P -604.0000, 807.0000, -108.9000, 128, 128, 128, 2, Grave_Lord_Dreavud
P -660.0000, 782.0000, -110.8000, 128, 128, 128, 2, Assassin_Mirot
P -554.0000, 831.0000, -152.2000, 128, 128, 128, 2, Grandmaster_Vohar
P -226.0000, 851.0000, -156.2000, 128, 128, 128, 2, Warlock_Vesthin
P -193.0000, 855.0000, -156.8000, 128, 128, 128, 2, Phantasmist_Salkith
P -561.7798, 420.9374, -124.8740, 128, 0, 128, 2, Forge
P -560.0000, 439.0000, -125.4000, 0, 128, 0, 2, Kaleras_Darkanvil_(Smithing)
P -477.4495, 399.7218, -124.8740, 128, 0, 128, 2, Forge
P -435.2235, 399.9995, -124.8740, 128, 0, 128, 2, Forge
P -490.0000, 376.0000, -125.4000, 0, 128, 0, 2, Merin_Darkanvil_(Smithing)
P -878.0215, -81.8908, 3.1260, 0, 128, 0, 2, Shaman_Spells
P -1057.1648, 66.2309, 3.1260, 0, 128, 0, 2, Druid_Spells
P -870.5959, 35.3674, -60.8740, 0, 128, 0, 2, Wizard_Spells
P -1057.8345, 74.5949, -60.8740, 0, 128, 0, 2, Enchanter_Spells
P -916.0211, -51.7012, -60.8740, 0, 128, 0, 2, Bard_Songs
P -744.0900, -56.7048, -92.8740, 0, 128, 0, 2, Necromancer_Spells
P -744.7737, 67.4637, -92.8740, 0, 128, 0, 2, Shadow_Knight_Spells
P -849.7123, -3.5154, 67.1260, 0, 128, 0, 2, Ranger_Spells
P -1098.3617, 107.8267, 97.1260, 0, 128, 0, 2, Beastlord_Spells
P -1060.9540, -70.2880, 67.1260, 0, 128, 0, 2, Paladin_Spells
P -1097.8195, -107.1686, -30.8740, 0, 128, 0, 2, Cleric_Spells
P -1103.1150, -94.3473, 33.1260, 0, 128, 0, 2, Magician_Spells
P -1484.9292, -89.3569, -110.1932, 128, 0, 128, 2, Loom
P -1455.0000, 175.0000, -120.9000, 0, 0, 0, 2, Rilatlan_Olaek
P -1529.0000, 54.0000, -124.8000, 0, 127, 0, 2, Peras_Glickon_(General)
P -1529.0000, -55.0000, -124.8000, 0, 127, 0, 2, Darius_Gandril_(General)
P -1381.0000, -256.0000, -114.5000, 0, 0, 0, 2, Sage_Vilgand
P -407.0000, -675.0000, -153.3000, 0, 0, 0, 2, Tarerd_Gahar
P -796.0000, -867.0000, -154.4000, 0, 0, 0, 2, Tratlan_Jowyr
P -807.0000, -879.0000, -154.4000, 0, 0, 0, 2, Wicas_Adaolath
P -248.0000, 17.0000, -124.2000, 0, 127, 0, 2, Vuli_Ironstove_(Baking)
P -249.0000, -18.0000, -123.6000, 0, 127, 0, 2, Perago_Crotal_(Brewing)
P 53.0000, 221.0000, -157.2000, 0, 0, 0, 2, Soulbinder_Jera
P -235.0000, -82.0000, -123.6000, 0, 127, 0, 2, Bargol_Halith_(Brewing)
P -247.0000, 84.0000, -124.0000, 0, 127, 0, 2, Melet_Ironstove_(Baking)
P -239.0000, 83.0000, -124.2000, 0, 127, 0, 2, Klen_Ironstove_(Baking)
P -250.0000, 102.0000, -124.2000, 0, 127, 0, 2, Tranus_Ironstove_(Baking)
P -275.0000, 102.0000, -124.2000, 0, 127, 0, 2, Culkin_Ironstove_(Baking)
P -300.0000, 102.0000, -124.2000, 0, 127, 0, 2, Savet_Ironstove_(Baking)
P -323.0000, -30.0000, -125.4000, 0, 127, 0, 2, Boiron_Ston_(Smithing)
P -323.0000, -44.0000, -125.4000, 0, 127, 0, 2, Magnar_Quok_(Smithing)
P -323.0000, -78.0000, -125.4000, 0, 127, 0, 2, Glena_Quok_(Smithing)
P -300.0000, -103.0000, -125.4000, 0, 127, 0, 2, Merabo_Sotath_(Brewing)
P -275.0000, -103.0000, -124.2000, 0, 127, 0, 2, Sirekoth_Eshe_(Brewing)
P -250.0000, -103.0000, -125.4000, 0, 127, 0, 2, Basur_TuQual_(Brewing)
P -852.0000, -357.0000, -94.0000, 0, 0, 0, 2, Bintaana_Jikla
P -754.0000, -404.0000, -92.2000, 0, 127, 0, 2, Audri_Deepfacet_(Jewelcrafting)
P -1088.0000, -424.0000, -99.6000, 0, 127, 0, 2, Radie_Imsin_(Smithing)
P -1088.0000, -393.0000, -99.6000, 0, 127, 0, 2, Horil_Imsin_(Smithing)
P -1465.0000, -118.0000, -124.8000, 0, 127, 0, 2, Tratlan_Matrick_(Tailoring)
P -1480.0000, -120.0000, -124.8000, 0, 127, 0, 2, Higwyn_Matrick_(Tailoring)
P -1475.0000, -91.0000, -108.8000, 0, 127, 0, 2, Sherin_Matrick_(Tailoring)
P -1452.0000, -103.0000, -110.0000, 0, 0, 0, 2, Malcohm_Thimbleton
P -1434.0000, -17.0000, -124.5000, 0, 127, 0, 2, Daeld_Atand_(Fishing)
P -1434.0000, 18.0000, -123.6000, 0, 127, 0, 2, Ramos_Jerwan_(Fishing)
P -1413.0000, -132.0000, -108.2000, 0, 127, 0, 2, Kertak_Hammertail_(Smithing)
P -1362.0000, -92.0000, -108.2000, 0, 127, 0, 2, Jahzo_Hammertail_(Smithing)
P -1379.0000, -134.0000, -108.2000, 0, 127, 0, 2, Szrix_Hammertail_(Smithing)
P -1372.0000, -74.0000, -108.8000, 0, 127, 0, 2, Halena_Paerk_(Smithing)
P -1389.0000, -74.0000, -108.8000, 0, 127, 0, 2, Tallis_Paerk_(Smithing)
P -1379.0000, 68.0000, -107.6000, 0, 127, 0, 2, Derin_ODanos_(Alchemy)
P -1356.0000, 75.0000, -109.7100, 0, 127, 0, 2, Henrik_O`Danos_(Alchemy)
P -1356.0000, 66.0000, -107.5000, 0, 127, 0, 2, Elwin_Razorfur_(Potion_Merchant)
P -1359.0000, 46.0000, -107.6000, 0, 127, 0, 2, Serin_ODanos_(Alchemy)
P -1356.0000, 38.0000, -109.7100, 0, 127, 0, 2, Edvard_O`Danos_(Alchemy)
P -1358.0000, 24.0000, -107.5000, 0, 127, 0, 2, Andreas_O`Danos_(Alchemy)
P -1375.0000, 18.0000, -107.6000, 0, 127, 0, 2, Severg_ODanos_(Alchemy)
P -1395.0000, 33.0000, -107.5000, 0, 127, 0, 2, Ludvik_O`Danos_(Alchemy)
P -1440.0000, 114.0000, -108.8000, 0, 127, 0, 2, Telir_Na`Shalith_(Poison)
P -1423.0000, 134.0000, -108.8000, 0, 127, 0, 2, Ciren_Darkbog_(Poison)
P -1470.0000, 86.0000, -108.5000, 0, 127, 0, 2, Jaren_Cloudchaser_(Fletching)
P -1154.0000, 427.0000, -126.8000, 0, 0, 0, 2, Willamina
P -864.0000, 426.0000, -127.1000, 0, 0, 0, 2, Trep_Thilcan
P -558.0000, 453.0000, -125.4000, 0, 127, 0, 2, Wegal_Darkanvil_(Smithing)
P -498.0000, 373.0000, -125.4000, 0, 127, 0, 2, Borik_Darkanvil_(Smithing)
P -561.0000, 384.0000, -92.1000, 0, 127, 0, 2, Saria_Bromal_(Tinkering)
P -1219.0000, 554.0000, -122.5000, 0, 0, 0, 2, Agrakath_Theric
P -77.0000, 115.0000, -123.6000, 0, 0, 0, 2, Leramas_Feston
P -57.0000, 125.0000, -124.2000, 0, 0, 0, 2, Winon_Glahar
P -70.0000, -27.0000, -124.1200, 0, 0, 0, 2, Sebast_Muckle
P -56.0000, 24.0000, -38.1000, 0, 0, 0, 2, Sage_Balic
P 243.0000, -215.0000, -110.2000, 127, 127, 127, 2, Grandmaster_Limsa
P 178.0000, -269.0000, -111.8000, 127, 127, 127, 2, Assassin_Daran
P 200.0000, -326.0000, -109.6000, 127, 127, 127, 2, Warlord_Welorf
P 219.0000, -268.0000, -111.4000, 127, 127, 127, 2, Crusader_Difur
P 8.0000, -6.0000, -156.5000, 0, 0, 0, 2, Cadelawin_Browan
P -3.0000, -391.0000, -156.2000, 0, 0, 0, 2, Yuriah_Jomsab
P -20.0000, -428.0000, -156.2000, 127, 127, 127, 2, Arch_Mage_Narik
P -185.0000, -612.0000, -156.2000, 127, 127, 127, 2, High_Priest_Eliwan
P -102.0000, -696.0000, -155.6000, 127, 127, 127, 2, Oracle_Cador
P -170.0000, -712.0000, -156.8000, 127, 127, 127, 2, Hierophant_Trilawyth
P -183.0000, -627.0000, -155.6000, 127, 127, 127, 2, Savage_Lord_Cedrean
P -595.0000, -889.0000, -110.0000, 127, 127, 127, 2, Grandmaster_Chendra
P -340.0000, -864.0000, -156.8000, 127, 127, 127, 2, Assassin_Rysarieul
P -562.0000, -889.0000, -112.1000, 127, 127, 127, 2, Crusader_Gimil
P -560.0000, -854.0000, -110.0000, 127, 127, 127, 2, Warlord_Korehan
P -683.0000, -908.0000, -156.8000, 0, 0, 0, 2, Randi_Ellan
P -640.0000, -908.0000, -156.2000, 0, 0, 0, 2, Alexis_Dubbani
P -668.0000, -865.0000, -160.2000, 0, 0, 0, 2, Curator_Merri
P -683.0000, -820.0000, -155.6000, 0, 0, 0, 2, Gammle_Hecht
P -854.6747, -821.3965, -160.9979, 240, 240, 240, 2, Selia_District_of_New_Tanaan
P -723.6266, -863.3776, -159.9979, 240, 240, 240, 2, Museum
P -640.0000, -820.0000, -156.5000, 0, 0, 0, 2, Lohie_Cantare
P -563.0000, -837.0000, -153.4000, 0, 0, 0, 2, Renni_Stone
P -563.0000, -847.0000, -154.1000, 0, 0, 0, 2, Drelynn_Beaufax
P -563.0000, -878.0000, -151.6000, 0, 0, 0, 2, Holly_Longtail
P -1155.0000, -887.0000, -156.2000, 127, 127, 127, 2, Sorcerer_Farin
P -1014.0000, -878.0000, -158.1000, 0, 0, 0, 2, Frieza_Greenbaum
P -1159.0000, -856.0000, -152.2000, 127, 127, 127, 2, Phantasmist_Abaur
P -970.0000, -860.0000, -156.2000, 127, 127, 127, 2, Arch_Mage_Olera
P -954.0000, -685.0000, -123.6000, 0, 0, 0, 2, Bolcen_Tendag
P -805.0000, -652.0000, -123.6000, 0, 0, 0, 2, Cadelid_Etord
P -805.0000, -676.0000, -124.2000, 0, 0, 0, 2, Acomar_Lothwol
P -800.0000, -702.0000, -125.8000, 0, 0, 0, 2, Zalil_Nyvin
P -905.0000, -675.0000, -36.2000, 0, 0, 0, 2, Sage_Xelrin
P 156.0000, 34.0000, -156.2000, 0, 127, 0, 2, Wilacor_Goldenmead_(General)
P 224.0000, 42.0000, -156.2000, 0, 0, 0, 2, Seer_Mal_Nae`Shi
P 161.0000, 249.0000, -157.3800, 127, 127, 127, 2, Trelli_Steelswinger_(Berserker_GM)
P 229.0000, 265.0000, -158.1000, 127, 127, 127, 2, High_Priest_Vasil
P 218.0000, 355.0000, -158.1000, 0, 0, 0, 2, Chronicler_Bixbot
P 181.0000, 341.0000, -157.4000, 0, 0, 0, 2, Gram_Dunnar
P -157.0000, 719.0000, -155.9000, 0, 0, 0, 2, Caonid_Girwil
P -144.0000, 747.0000, -157.2000, 0, 0, 0, 2, Raewyth_Velanor
P -306.0000, 865.0000, -156.1200, 0, 0, 0, 2, #Geboron
P -195.0000, 842.0000, -156.8000, 127, 127, 127, 2, Arch_Mage_Deidus
P -287.0000, 880.0000, -158.1000, 127, 127, 127, 2, Sorcerer_Dogan
P -373.0000, 875.0000, -156.2000, 0, 0, 0, 2, Gravelady_Beddia
P -325.0000, 899.0000, -156.8000, 0, 0, 0, 2, Seitha_Chimar
P -188.0000, 843.0000, -158.1000, 0, 0, 0, 2, Maryalis_N`Ryt
P -189.0000, 897.0000, -156.8000, 0, 0, 0, 2, Neverral_N`Ryt
P -236.0000, 881.0000, -156.1200, 0, 0, 0, 2, Sienn_Kastane
P -394.0000, 721.0000, -157.1200, 0, 0, 0, 2, Gialn_Tyanid
P -670.0000, 831.0000, -160.2000, 0, 0, 0, 2, Official_Sevalis
P -600.0000, 831.0000, -150.3000, 0, 0, 0, 2, Official_Wigoth
P -639.0000, 857.0000, -110.2000, 127, 127, 127, 2, Grave_Lord_Vizurik
P -1096.0000, 804.0000, -154.9000, 0, 0, 0, 2, Talespinner_Trogmarz
P -1118.0000, 790.0000, -156.5000, 127, 127, 127, 2, Virtuoso_Ciadus
P -911.0000, 639.0000, -122.3000, 0, 0, 0, 2, Gwiraba_Gelrid
P -901.0000, 662.0000, -122.9000, 0, 0, 0, 2, Zauvudd_Gigoth
P -911.0000, 682.0000, -124.2000, 0, 0, 0, 2, Xasri_Virek
P -1053.0000, 650.0000, -124.8000, 0, 0, 0, 2, Onirelin_Gali
P -1003.0000, 662.0000, -36.8000, 0, 0, 0, 2, Sage_Gunyth
P -1023.0000, 679.0000, -36.1200, 0, 0, 0, 2, Gilina_Yilzior
P 285.0000, 148.0000, -160.9989, 240, 0, 0, 2, Succor
P -83.0000, 403.0000, -157.1200, 0, 0, 0, 2, Tarnimus
P -1460.5756, -146.6552, -127.9979, 128, 0, 128, 2, Loom
