P 552.2354, -272.8093, -66.3388, 255, 0, 0, 3, to_The_Qeynos_Aqueduct_System
P 483.5682, -175.1312, -20.0414, 255, 0, 0, 3, to_The_Qeynos_Aqueduct_System
P -121.8513, 191.2890, -97.9651, 255, 0, 0, 3, to_The_Qeynos_Aquaduct_System
P 440.5465, -465.0197, -0.9988, 255, 0, 0, 3, to_North_Qeynos
P 76.9474, -589.5224, -0.9988, 255, 0, 0, 3, to_North_Qeynos
P 604.7322, 147.3114, -27.9988, 255, 0, 0, 3, to_The_Qeynos_Aqueduct_System
P -214.7709, -5.5036, 1.5333, 255, 0, 0, 3, to_Erud`s_Crossing_(Translocator_Sedina)
P -0.0000, -10.0000, 0.0028, 240, 0, 0, 2, Succor
P 174.6917, -483.4259, 0.0018, 128, 0, 128, 2, Half_Elf_Forge_(Cultural)
P 44.4363, -139.2787, 0.0018, 128, 0, 128, 2, Loom
P 295.7502, 265.2079, 1.5235, 128, 0, 128, 2, Brewing_Barrel
P 278.7871, 148.5673, 1.5342, 128, 0, 128, 2, Oven
P 308.8978, -536.8014, -0.9988, 128, 0, 128, 2, Kiln
P 369.7976, -372.9023, 0.0008, 128, 0, 128, 2, Forge
P 155.2536, -274.5564, 0.0008, 128, 0, 128, 2, Brew_Barrel
P 30.3585, -482.0078, 0.0008, 128, 0, 128, 2, Forge
P 296.3653, -178.8973, 0.0008, 128, 0, 128, 2, Forge
P 288.6360, -547.2961, -0.7374, 128, 0, 128, 2, Pottery_Wheel
P -161.6830, 147.7243, -42.2836, 0, 0, 240, 1, GS:_Wooden_Fishing_Tackle
P 352.9582, -279.4706, 0.0018, 0, 0, 240, 1, GS:_Sealed_List
P 556.2190, -339.4429, 0.2622, 240, 240, 240, 2, The_Herb_Jar
P 89.8348, -217.5863, 2.5397, 240, 240, 240, 2, Lion_Mane`s_Inn
P 89.7661, -34.8932, 1.5428, 240, 240, 240, 2, Mermaid`s_Lure
P 49.6564, 137.9678, 1.5322, 240, 240, 240, 2, Port_Authority
P 220.0419, 273.6605, 1.5350, 240, 240, 240, 2, Fish`s_Ale
P 218.9244, 170.6600, 1.5349, 240, 240, 240, 2, Voleen`s_Fine_Baked_Goods
P 276.7136, -189.1541, 1.5303, 240, 240, 240, 2, Firepride`s
P 454.0430, -303.5268, 1.5347, 240, 240, 240, 2, Qeynos_Hold
P 481.9265, -339.1485, 0.0028, 240, 240, 240, 2, Office_of_the_People
P 409.1813, -404.6239, 2.0018, 240, 240, 240, 2, Clocktower
P 324.0617, -513.6145, 0.0018, 240, 240, 240, 2, Bag_n_Barrel
P 207.5045, -426.8037, 0.0018, 240, 240, 240, 2, Nestiff`s_Wooden_Weapons
P 49.6411, -487.6838, 0.0018, 240, 240, 240, 2, Tin_Soldier
P 78.1277, -424.8182, 0.0018, 240, 240, 240, 2, Fhara`s_Leather_and_Thread
P 119.5730, -538.5400, 1.9995, 255, 255, 255, 2, The_Wind_Spirit`s_Song
P 297.7703, -27.6465, 0.2622, 240, 240, 240, 2, The_Grounds_of_Fate
P 636.0000, -300.0000, 2.7000, 0, 128, 0, 2, Moreo_O`Meek_(Enchanter_Spells)
P 633.0000, -326.0000, 2.7000, 0, 128, 0, 2, Isobelle_Losiwoo_(Enchanter_Spells)
P 632.0000, -337.0000, 2.7000, 128, 128, 128, 2, Kazlo_Naedra
P 614.0000, -361.0000, 3.7000, 128, 128, 128, 2, Basten_Ghunret
P 559.3896, -320.2500, 0.0008, 0, 128, 0, 2, Merchants
P 506.0000, -330.0000, 3.7000, 0, 128, 0, 2, Rucio_Divella_(General)
P 396.0000, -290.0000, 3.4000, 0, 240, 0, 2, Ren_Pinemyer_(Parcels_and_General)
P 438.0000, -339.0000, 3.7000, 255, 210, 0, 2, Kendall_Copperhold
P 438.0000, -319.0000, 3.7000, 255, 210, 0, 2, Sorn_Copperhold
P 433.5534, -50.8760, 0.0008, 255, 255, 0, 2, Arena_(PvP)
P 490.0000, 281.0000, 3.7000, 0, 128, 0, 2, Raffy_Conticede_(Armor)
P 494.0000, 281.0000, 3.7000, 128, 128, 128, 2, Chesgard_Sydwen
P 482.0000, 238.0000, 3.7000, 0, 127, 0, 2, Lisdon_Trekka_(Paladin_Spells)
P 476.0000, 245.0000, 3.7000, 128, 128, 128, 2, Kasine_Paegra
P 427.0000, 200.0000, 3.7000, 128, 128, 128, 2, Gehna_Solbenya
P 519.0000, 149.0000, 6.7000, 128, 128, 128, 2, Runethar_Hamest
P 543.0000, 175.0000, 3.7000, 128, 128, 128, 2, Daedet_Losaren
P 469.0000, -287.0000, 3.4000, 0, 0, 0, 2, Soulbinder_Novalu
P 586.5139, -305.9402, 0.0008, 0, 128, 0, 2, Spell_Merchants
P 511.0000, -37.0000, 31.7000, 128, 128, 128, 2, Captain_Tillin
P 510.0000, -75.0000, 31.7000, 128, 128, 128, 2, Ebon_Strongbear
P 586.0000, -81.0000, 31.8000, 128, 128, 128, 2, Brin_Stolunger
P 506.0000, -65.0000, 4.7000, 128, 128, 128, 2, Tabure_Ahendle
P 549.0000, -35.0000, 3.7000, 0, 127, 0, 2, Rabley_Trumend_(General)
P 465.0000, 30.0000, -24.2000, 128, 128, 128, 2, Grahan_Rothkar
P 254.0000, 164.0000, 3.7000, 0, 128, 0, 2, Karn_Tassen_(Baking)
P 277.0000, 168.0000, 3.7000, 0, 128, 0, 2, Heidi_Grainsifter_(Brewing)
P 265.0000, 191.0000, 3.7000, 0, 128, 0, 2, Voleen_Tassen_(Baking)
P 275.0000, 304.0000, 3.7000, 0, 128, 0, 2, Sunsa_Jocub_(General)
P 268.0000, 291.0000, 3.7000, 0, 128, 0, 2, Fish_Ranamer_(General)
P 261.0000, 244.0000, 3.7000, 0, 128, 0, 2, McNeal_Jocub_(General)
P 39.0000, -15.0000, 3.7000, 0, 128, 0, 2, Captain_Rohand_(Fishing)
P 208.0000, -92.0000, 2.7000, 0, 128, 0, 2, Wrin_Liltin_(Armor)
P 147.0000, -177.0000, 2.7000, 0, 128, 0, 2, Iala_Lenard_(Armor)
P 172.0000, -197.0000, 2.7000, 0, 128, 0, 2, Byjan_Timbokker_(Armor)
P 128.0000, -231.0000, 3.7000, 0, 128, 0, 2, Sissy_Huntlan_(General)
P 68.0000, -259.0000, 3.7000, 0, 128, 0, 2, Tasya_Huntlan_(General)
P 190.0000, -254.0000, 3.7000, 0, 128, 0, 2, Earron_Huntlan_(General)
P 169.0000, -256.0000, 3.7000, 0, 128, 0, 2, Nug_Rellash_(General)
P 79.0000, -399.0000, 3.7000, 0, 128, 0, 2, Fhara_Semhart_(Armor)
P 32.0000, -526.0000, 3.7000, 0, 128, 0, 2, Rane_Sedder_(Armor)
P 86.0000, -536.0000, 3.7000, 0, 128, 0, 2, Mar_Sedder_(Smithing)
P 80.0000, -541.0000, 17.7500, 0, 128, 0, 2, Yakem_Oreslinger_(Smithing)
P 44.0000, -537.0000, 17.7000, 0, 128, 0, 2, Liln_Sedder_(Smithing)
P 123.0000, -554.0000, 3.7500, 128, 128, 128, 2, Jusean_Evanesque
P 145.0000, -557.0000, 3.7500, 0, 128, 0, 2, Sansa_Nusk_(General)
P 157.0000, -524.0000, 3.7500, 128, 128, 128, 2, Sollari_Bekines
P 242.0000, -440.0000, 3.7000, 0, 128, 0, 2, Nesiff_Tallaherd_(Weapons)
P 264.0000, -427.0000, 3.7000, 0, 128, 0, 2, Stan_Cloven_(Weapons)
P 258.0000, -414.0000, 3.7000, 0, 128, 0, 2, Danon_Fletcher_(Fletching)
P 309.0000, -487.0000, 3.7000, 0, 128, 0, 2, Fellesha_Varshen_(Satchels)
P 262.0000, -543.0000, 3.7000, 0, 128, 0, 2, Raheim_Varshen_(Satchels)
P 539.0000, 257.0000, 3.7000, 0, 128, 0, 2, Oriyame_Nelafre_(Paladin_Spells)
P 654.1118, -315.7969, 0.0008, 0, 128, 0, 2, Spell_Merchants
P 27.0000, 306.0000, 3.7000, 0, 128, 0, 2, Ghul_Rustem_(General)
P 345.0000, -406.0000, 2.7000, 0, 0, 0, 2, Dionna
P 285.0000, -288.0000, 20.1000, 0, 0, 0, 2, Vicus_Nonad
P 202.0000, -297.0000, 3.7000, 0, 0, 0, 2, Tomas_Zelnik
P 187.1519, -309.4719, 0.2622, 240, 240, 240, 2, Tavern
P 86.0000, -369.0000, 3.4000, 0, 0, 0, 2, Gash_Flockwalker
P 317.0000, -465.0000, 3.4000, 0, 0, 0, 2, Gharin
P 352.0000, -282.0000, 3.7000, 0, 0, 0, 2, Hansl_Bigroon
P 313.0000, -190.0000, 3.7000, 0, 127, 0, 2, Meera_Lylon_(Armor)
P 326.0000, -173.0000, 3.7000, 0, 127, 0, 2, Ton_Firepride_(Armor)
P 444.0000, -161.0000, 3.7000, 0, 0, 0, 2, Xantomo_Salmor
P 394.0000, -149.0000, 3.7000, 0, 0, 0, 2, Zamel
P 408.0000, -232.0000, 3.7500, 0, 0, 0, 2, Exterminator_Rasmon
P 444.0000, -304.0000, 4.3000, 0, 240, 0, 2, Dun
P 496.0000, -298.0000, 3.7500, 0, 0, 0, 2, Jalorin_Tar`Visgur
P 487.0000, -312.0000, 3.7000, 0, 0, 0, 2, Indaria
P 514.0000, -363.0000, 3.7000, 0, 0, 0, 2, Endric
P -56.9238, -14.9358, -19.3716, 0, 0, 0, 2, Largon_Welsh
P 84.0000, 324.0000, 5.0000, 0, 0, 0, 2, Menkes_Tabolet
P 64.0000, 38.0000, 3.7500, 0, 0, 0, 2, Madame_Serena
P 496.0000, -383.0000, 3.7000, 0, 0, 0, 2, Edvard_Tommels
P -38.0000, 344.0000, -13.3000, 0, 0, 0, 2, Raz_The_Rat_Misk
P 441.0000, -78.0000, -24.2000, 0, 0, 0, 2, Wylin_Dodmil
P 285.5419, 234.4684, 0.2622, 0, 0, 0, 2, Monty_Prysmith
P 260.0000, 308.0000, 2.5000, 0, 0, 0, 2, Trumpy_Irontoe
P 267.0000, 315.0000, 3.7000, 0, 0, 0, 2, Micc_Koter
P 258.0000, 300.0000, 3.7000, 0, 0, 0, 2, Klieb_Torne
P 9.0000, 237.0000, 3.7000, 0, 0, 0, 2, Danaria_Hollin
P 123.0000, -519.0000, 3.7500, 0, 0, 0, 2, Tralyn_Marsinger
P 123.0000, -527.0000, 3.7500, 0, 0, 0, 2, Eve_Marsinger
P 135.0000, -552.0000, 3.7500, 0, 127, 0, 2, Topala_Xenem_(Bard_Songs)
P 158.0000, -555.0000, 3.7500, 0, 127, 0, 2, Lysric_Loresinger_(Bard_Songs)
P 146.0000, -517.0000, 3.3100, 0, 0, 0, 2, Cassius_Messus
P 140.0000, -509.0000, 3.7500, 127, 127, 127, 2, Belious_Naliedin
P 132.0000, -513.0000, 3.7500, 0, 127, 0, 2, Chalea_Volesga_(Bard_Songs)
P 141.0000, -546.0000, 3.7500, 127, 127, 127, 2, Joffrey_Clay
P 175.7252, -270.2359, 0.0018, 0, 0, 0, 2, Phillip_Tallman
P 127.7745, 195.0300, 0.0018, 0, 0, 0, 2, Behrow_Dlexon
P 229.0000, 262.0000, 3.7000, 0, 0, 0, 2, Bruno_Barstomper
P 448.0000, 191.0000, 6.2000, 127, 127, 127, 2, Vansted_Rohenga
P 429.0000, 176.0000, 6.1000, 127, 127, 127, 2, Miltiades_Tal`Azroth
P 454.0000, 144.0000, 4.7000, 0, 0, 0, 2, Lord_Mrallon
P 440.0000, 149.0000, 6.7000, 127, 127, 127, 2, Renic_Losaren
P 472.8984, 153.7849, 0.0018, 0, 0, 0, 2, Caton_Glimmerstep
P 552.0000, 188.0000, 3.7000, 127, 127, 127, 2, Wolten_Grafe
P 524.0000, 257.0000, 3.7000, 0, 127, 0, 2, Bisdlo_Ravtahm_(Weapons)
P 516.0000, 258.0000, 3.7000, 0, 127, 0, 2, Bogen_Chazel_(Cleric_Spells)
P 510.0000, 255.0000, 3.7000, 0, 127, 0, 2, Fesse_Bontex_(Paladin_Spells)
P 282.0000, 38.0000, 3.7000, 0, 127, 0, 2, Barthal_(Weapons)
P 275.0000, 46.0000, 3.7000, 0, 127, 0, 2, Moran_Smith_(Weapons)
P 252.0000, 32.0000, 3.7000, 0, 127, 0, 2, Bassanio_Weekin_(Satchels)
P 250.0000, 34.0000, 3.7000, 0, 127, 0, 2, Solani_Dayadil_(Armor)
P 260.0000, 24.0000, 3.7000, 0, 127, 0, 2, Gahna_Salbeen_(Satchels)
P 447.0000, -312.0000, 4.3000, 0, 0, 0, 2, Eracon_Krengon
P 644.0000, -330.0000, 2.7000, 127, 127, 127, 2, Juegile_Sohgohm
P 683.0000, -286.0000, 2.7000, 127, 127, 127, 2, Unsar_Koldhagon
P 631.0000, -282.0000, 2.7000, 127, 127, 127, 2, Daenor_Casthopur
P 608.0000, -311.0000, 3.7000, 0, 127, 0, 2, Pai_Berenis_(General_Spells)
P 619.0000, -326.0000, 3.7000, 0, 127, 0, 2, Chalios_Bensted_(Enchanter_Spells)
P 624.0000, -330.0000, 3.7000, 0, 127, 0, 2, Celamari_Marre_(Enchanter_Spells)
P 624.0000, -301.0000, 3.7000, 127, 127, 127, 2, Tinshen_Brinth
P 622.0000, -288.0000, 3.7000, 0, 127, 0, 2, Khensol_Undesta_(Alchemy)
P 614.0000, -287.0000, 3.7000, 127, 127, 127, 2, Esdia_Moeba
P 604.0000, -285.0000, 3.7000, 127, 127, 127, 2, #D`mitrious_Irska
P 513.3138, 119.8236, -27.9978, 0, 0, 0, 2, a_young_lion_(Steel_Warrior_Spawn)
P 179.3752, -267.1906, 0.0018, 0, 0, 0, 2, Graeme_Revall
P 120.0000, -355.0000, 3.1000, 0, 0, 0, 2, Lylanthian
P 118.0000, -354.0000, 3.7000, 0, 0, 0, 2, Ellisha
P 40.1055, -162.5026, -1.9978, 0, 0, 0, 2, an_investigator
P 48.0000, -20.0000, 17.0000, 0, 0, 0, 2, Lomarc
P 119.0000, -120.0000, 3.7000, 0, 0, 0, 2, Anehan_Treol
P 513.3583, -53.0346, 1.0018, 240, 240, 240, 2, The_Hall_of_Steel
P 607.6533, -340.0121, 0.0019, 240, 240, 240, 2, Hall_of_Sorcery
P 510.9885, 135.7063, -27.9978, 240, 240, 0, 2, Fake_Wall
