P 2422.1060, -1276.5104, -4.3417, 255, 0, 0, 3, to_The_Western_Plains_of_Karana
P 1147.7328, -3430.1675, 0.6260, 255, 0, 0, 3, to_Blackburrow
P -107.8533, -5181.2881, -5.9677, 255, 0, 0, 3, to_Surefall_Glade
P -250.0000, 325.0000, 0.0000, 255, 0, 0, 3, to_North_Qeynos
P -83.0000, -508.0000, -5.9507, 255, 0, 0, 2, Succor
P 168.2821, -1776.9740, 111.8911, 0, 0, 240, 1, GS:_Ebon_Lotus
P 943.6379, -3396.1216, -7.5550, 0, 0, 240, 1, GS:_Library_of_Erudin
P 851.5536, -1050.6676, 31.4847, 255, 255, 255, 2, Guard_Tower
P -969.7856, -3779.0513, -22.6068, 255, 255, 255, 2, Fishing_Hut
P -952.0000, -3944.0000, -20.3000, 0, 0, 0, 2, Rephas
P 918.3445, -4682.9946, 39.7185, 255, 255, 255, 2, Undead_Ruins
P -278.0000, -1381.0000, 7.8000, 0, 128, 0, 2, Marton_Sayer_(Smithing)
P -307.0000, -1404.0000, 7.8000, 0, 128, 0, 2, Mira_Sayer_(Smithing)
P 556.0000, -3399.0000, -3.7500, 0, 0, 0, 2, Ubzial_Iyeaql
P -116.0000, -5002.0000, -3.9000, 0, 0, 0, 2, Baobob_Miller
P 1118.1150, -347.6231, -7.6255, 0, 0, 0, 2, Pellween_Sithmoor
P 680.0000, -1041.0000, 17.1500, 0, 0, 0, 2, Neclo_Rheslar
P 670.2924, -1093.0426, 10.2821, 0, 0, 0, 2, Koneme_Matse
P 830.0000, -2038.0000, -64.1200, 0, 0, 0, 2, Lamangao_Fallstine
P -122.9775, -602.3837, -5.0295, 0, 0, 0, 2, Korem_Matse
P -1098.0000, -111.0000, -4.0000, 0, 0, 0, 2, Niclaus_Ressinn
P 1990.2240, -1482.1198, -4.3417, 0, 0, 0, 2, Gornolin_(Roam)
P -50.0000, -531.0000, -3.7500, 0, 0, 0, 2, Waradern_Skymoor
P 233.0000, -4751.8800, 31.5000, 0, 0, 0, 2, Tovax_Vmar
P -428.0000, -3441.0000, 10.6500, 0, 0, 0, 2, Yollis_Jenkins
P -928.0000, -4616.0000, -15.5000, 0, 0, 0, 2, Pemawen_Vorana
P -985.0000, -3797.0000, -19.5000, 0, 0, 0, 2, Hadden
P -962.0000, -3773.0000, -18.5000, 0, 0, 0, 2, Axe_Broadsmith
P -1039.0000, -3489.0000, -11.7000, 0, 0, 0, 2, erudite_traveler
P -103.3262, -83.6147, -7.8417, 0, 0, 0, 2, Tol_Nicelot_(Roam,Path)
P 849.8361, -1031.4491, 33.6817, 0, 0, 0, 2, Hefax_Tinmar
P -354.0000, -3023.0000, 41.0000, 0, 0, 0, 2, Holly_Windstalker
P 1138.0000, -3560.0000, -1.3800, 0, 0, 0, 2, Cethernee_Vellestan
P 248.2867, -4484.4590, 10.0802, 0, 0, 0, 2, Beobob_Miller_(Roam)
P -99.3726, -1035.7749, -1.0615, 0, 0, 0, 2, Wyle_Bimlin_(Roam,Path)
P 1051.0000, -887.0000, 16.0000, 0, 0, 0, 2, Scruffy
P 889.1783, -4653.7510, 39.6055, 127, 64, 0, 2, Pyzjn_(Hunter,Roam)
P 909.5361, -4670.8433, 39.5742, 127, 64, 0, 2, Varsoon_(Hunter)
