P 3580.4628, 2072.4860, -98.1551, 255, 0, 0, 3, to_Shar_Vahl
P 464.5424, -2398.2995, -385.0926, 255, 0, 0, 3, to_Paludal_Caverns
P 2427.0000, 3008.0000, 0.0000, 255, 0, 0, 3, to_The_Plane_of_Knowledge_(Click_Book)
P 3581.6557, 2144.1098, -96.6231, 255, 0, 0, 2, Succor
P -955.5778, 2694.7404, -437.7453, 128, 0, 128, 2, Brew_Barrel
P -1041.3726, 2604.4079, -438.1272, 128, 0, 128, 2, Forge
P 2225.5446, -459.0812, -205.0233, 0, 0, 240, 1, GS:_Stinking_Pile_of_Refuse
P -2143.0000, 1709.0000, 0.0000, 255, 255, 255, 2, Loda_Kai_Embasy
P -985.0000, -950.0000, 0.0000, 255, 255, 255, 2, Corpse_Camp
P -1796.0000, -1193.0000, -274.0000, 255, 255, 255, 2, Soldier_camp
P -1461.0000, 1006.0000, -232.0000, 255, 255, 255, 2, Guardian_Camp
P 1014.0000, 2195.0000, -180.0000, 255, 255, 255, 2, Gor/Shak_Camp
P 790.0000, 827.0000, 0.0000, 255, 255, 255, 2, Brigand_Camp
P 2717.0000, 2539.0000, -201.8000, 128, 128, 128, 2, Captain_Karim
P 2856.0000, 2393.0000, -213.7000, 128, 128, 128, 2, Captain_Alim
P 2704.0000, 2267.0000, -213.7000, 128, 128, 128, 2, Captain_Tarief
P 2685.0000, 1600.0000, -213.6200, 128, 128, 128, 2, Hymnist_Omiyad
P 2804.0000, 1448.0000, -218.4000, 0, 128, 0, 2, Tiamon_Aroo_(Tailor)
P 2794.0000, 1416.0000, -218.4000, 0, 128, 0, 2, Saren_Kaja_(Baking)
P 2804.0000, 1636.0000, -213.7000, 128, 128, 128, 2, Spiritist_Karina
P 2901.0000, 1694.0000, -210.8000, 255, 210, 0, 2, Banker_Karra_Kai
P 2973.0000, 1892.0000, -192.6000, 128, 128, 128, 2, Captain_Koldar
P -947.1315, 2684.9489, -437.7188, 0, 127, 0, 2, a_Gor_Taku_barkeep_(Bar)
P -1004.1276, 2590.2016, -440.3245, 0, 127, 0, 2, a_Gor_Taku_blacksmith_(Smithing)
P 2948.0000, 2058.0000, -201.2000, 0, 0, 0, 1, Kaza_Raj
P -868.0727, 2550.8969, -446.6882, 0, 0, 0, 2, Warlord_Shik_Thras
P -368.0000, 611.0000, -427.8800, 0, 0, 0, 2, #Wunshi_Kashra
P 2299.0000, 2009.0000, -224.8000, 0, 0, 0, 2, Sentry_Kedra_Kai
P 2573.0000, 417.0000, -254.9000, 0, 0, 0, 2, Elefan
P 2860.0000, 2586.0000, -205.0000, 0, 0, 0, 2, Kojinn_Kaa
P 2989.0000, 2594.0000, -175.0000, 0, 0, 0, 2, Priestess_Bast
P 2896.0000, 2217.0000, -208.4000, 0, 0, 0, 2, Groo_McManus
P 701.0000, 823.0000, -217.5000, 0, 0, 0, 2, Garneer_Stubb
P 2282.0000, 2723.0000, -246.6200, 0, 0, 0, 2, Fellmoor_Powell
P 2447.0000, 218.0000, -230.6200, 0, 0, 0, 2, Sidigar_Vorago
P 2741.0000, 2823.0000, -207.8800, 0, 0, 0, 2, Tessmina_Boerak
P 1388.8687, -2225.9794, -387.9780, 127, 64, 0, 2, Seetheker_(Hunter)
P 2162.2316, 2463.2521, -238.0030, 127, 64, 0, 2, a_blood_drenched_hopling_(Hunter,Roam)
P 1419.5906, -2222.9599, -388.6589, 127, 64, 0, 2, Seetheker_(Hunter)
P 2635.4628, 2161.2548, -218.0916, 240, 240, 240, 2, Outpost
P 143.7371, 579.4783, 8.1164, 240, 240, 240, 2, Drakefire_Mountains
