P -2203.8545, -579.7638, -113.2490, 255, 0, 0, 3, to_The_Lesser_Faydark
P -527.3383, 2058.1443, -111.1240, 255, 0, 0, 3, to_Ak`Anon
P -927.0610, 1358.1802, -111.6722, 255, 0, 0, 3, to_The_Plane_of_Knowledge_(Click_Book)
P -1667.8954, 1779.1930, -111.8179, 255, 0, 0, 2, Druid_Ring
P 1843.0000, 1514.0000, -109.0000, 0, 128, 0, 2, Finkel_Rardobaen_(Baking)
P -1655.0000, 1749.0000, -107.7000, 0, 128, 0, 2, Crisyn_(Spells)
P 617.0000, -43.0000, -107.0000, 0, 128, 0, 2, Godbin_Strumharp_(Smithing)
P 661.0129, -79.0000, -108.8909, 0, 128, 0, 2, Clockwork_(Fletching)
P 660.0072, -100.0000, -108.8909, 0, 128, 0, 2, Clockwork_(Fletching)
P 875.0077, -175.0000, -110.9506, 0, 128, 0, 2, Bom_(Tinkering)
P -429.0000, 1622.0000, -109.0600, 0, 128, 0, 2, Oren_Furdenbline_(Baking)
P -337.0000, 1785.0000, -109.0600, 0, 128, 0, 2, Glen_Garginburr_(Merchant)
P -666.0000, 1787.0000, -107.9600, 0, 128, 0, 2, Fodin_Frugrin_(Smithing)
P -829.0000, 1695.0000, -109.0600, 0, 128, 0, 2, Freed_Fimplefur_(Tailoring)
P -561.9344, 833.0000, -120.3238, 0, 0, 0, 2, Halv_(Guard)
P -556.0000, 1377.0000, -110.0000, 0, 0, 0, 2, Watchman_Dreeb
P -570.0000, 1860.0000, -110.0300, 0, 0, 0, 2, Watchman_Prynn
P -545.0000, 1860.0000, -110.0300, 0, 0, 0, 2, Watchman_Prenn
