P 1144.0000, 1773.0000, -24.2706, 255, 0, 0, 3, to_Grimling_Forest
P -1849.0000, 66.0000, -39.7489, 255, 0, 0, 3, to_Katta_Castellum
P -1810.0000, -55.0000, 0.0000, 255, 0, 0, 2, Succor
P -646.0000, -1454.0000, 0.0000, 255, 255, 255, 2, Coterie_outpost
P -1521.0000, -1361.0000, 0.0000, 255, 255, 255, 2, Coterie_outpost
P -853.0000, 1637.0000, 0.0000, 255, 255, 255, 2, Grimling_caves
P 1463.0000, 627.0000, 0.0000, 255, 255, 255, 2, Coterie_outpost
P 1126.0000, -345.0000, 0.0000, 255, 255, 255, 2, Vampyre_Fortress
P 366.0000, -1365.0000, 0.0000, 255, 255, 255, 2, Coterie_outpost
P -360.0000, 1782.0000, -2.7000, 0, 0, 0, 2, Felodius_Sworddancer
P 447.0000, 1576.0000, -7.5000, 0, 0, 0, 2, #Hoober`s_Pet
P -1749.0000, -8.0000, -35.8000, 0, 0, 0, 2, #Johanius_Barleou
P 420.0000, -1431.0000, -21.7000, 0, 0, 0, 2, Veynar_Aeridia
P 409.0000, -1468.0000, -21.7000, 0, 0, 0, 2, Yaroslav_Verilak
P 1421.0000, 671.0000, -35.3000, 0, 0, 0, 2, Kristov_Otto
P 1531.0000, 687.0000, -36.8000, 0, 0, 0, 2, Tymoz
P 1245.0000, -571.0000, 338.5000, 0, 0, 0, 2, #Coterie_Corruptor
P 305.0000, -1381.0000, -22.4000, 0, 0, 0, 2, Krellices
P -670.0000, -1501.0000, -46.6000, 0, 0, 0, 2, #Galinious
P -562.0000, -1501.0000, -52.4000, 0, 0, 0, 2, #Drovalak
P -1580.0000, -1362.0000, -33.6000, 0, 0, 0, 2, #Bedlavar
P -1748.0000, -995.0000, 65.2000, 0, 0, 0, 2, Daksins
P -1782.0000, -84.0000, -36.3000, 0, 0, 0, 2, Courier_Balious
P -892.0000, 234.0000, 217.1200, 0, 0, 0, 2, #Disciple_of_Focus
P 1379.0000, -649.0000, 317.0000, 240, 127, 0, 2, Valanov_Zevfeer_(Raid)
P -320.6106, 1067.8395, -23.0596, 127, 64, 0, 2, a_cral_ligi_warlord_(Hunter,Roam)
P 1342.0000, -618.0000, 139.0000, 127, 64, 0, 2, Emissary_Oomgado_(Hunter)
P 1284.0000, -573.0000, 143.0000, 127, 64, 0, 2, Gorelaz_Verilak
P -478.8071, 1757.0789, -29.6707, 127, 64, 0, 2, a_grimling_foreman_(Hunter)
P -1116.0000, 406.0000, -24.0000, 127, 64, 0, 2, a_grol_baku_warlord_(Hunter)
P 93.1980, -1439.9887, 73.0491, 127, 64, 0, 2, a_meeda_hune_warlord_(Hunter,Roam)
P 1363.0000, -574.0000, 142.7000, 127, 64, 0, 2, Renaldok_Masric
P 124.2503, 386.4384, 166.5206, 127, 64, 0, 2, Skyshadow_(Hunter,Roam)
P 1372.0000, -638.0000, 316.3000, 127, 64, 0, 2, Trilexior_Aeridia
P 1224.0000, -645.0000, 15.1000, 127, 64, 0, 2, Xenithen_Sterbla
P 1387.6824, -627.9762, 312.6300, 127, 64, 0, 2, Heratius_Grolden_(Hunter)
