P 78.0000, 762.0000, -99.9675, 255, 0, 0, 3, to_The_City_of_Thurgadin
P -42.0000, -103.0000, -0.9988, 255, 0, 0, 3, to_The_City_of_Thurgadin
P -877.0000, 78.0000, 0.0000, 255, 0, 0, 3, to_The_Great_Divide
P 0.0000, -250.0000, 0.0000, 255, 0, 0, 2, Succor
P -888.2129, -15.4341, -24.8415, 128, 0, 128, 2, Oven
P -882.4568, -13.8059, -24.9978, 0, 0, 240, 1, GS:_Outcast`s_Coal
P -247.9982, -729.5369, -44.9666, 255, 255, 255, 2, Hall_of_Ancestors
P 34.0000, -750.0000, 0.0000, 255, 255, 255, 2, Guarded_Door
P 48.6855, -745.1862, 35.0018, 255, 255, 255, 2, Barracks
P 0.0000, -600.0000, 0.0000, 255, 255, 255, 2, The_Pit
P 66.1767, -668.5521, 58.9715, 0, 127, 127, 2, Dain`s_Historian_Duggans
P -12.0000, -693.0000, 68.4000, 240, 127, 0, 2, Chamberlain_Krystorf
P -5.0000, -769.0000, 62.4000, 240, 127, 0, 2, #Dain_Frostreaver_IV
P 6.7487, -758.3959, 63.7328, 240, 127, 0, 2, Seneschal_Aldikar_(Raid)
P -594.1683, 2.7540, -134.2685, 127, 64, 0, 2, Glucose_(Hunter,Roam)
P -362.0651, -479.7144, -113.4427, 127, 64, 0, 2, Grizznot_(Hunter)
P -4.7002, -637.3198, 59.9706, 240, 240, 240, 2, Throne_Room
P -2.4695, -845.2350, -4.9978, 240, 240, 240, 2, The_Great_Hall
P -209.0000, -730.0000, -42.4000, 0, 0, 0, 2, Loremaster_Solstrin
P -6.0000, -772.0000, 37.5000, 0, 0, 0, 2, Seneschal_Aldikar
P 54.0000, -695.0000, 37.5000, 0, 0, 0, 2, Councilor_Thubins
P 104.0000, -695.0000, 37.5000, 0, 0, 0, 2, Councilor_Dirkins
P 80.0000, -666.0000, 37.5000, 0, 0, 0, 2, Councilor_Darakor
P -66.0000, -694.0000, 37.5000, 0, 0, 0, 2, Councilor_Icelok
P -65.0000, -661.0000, 37.5000, 0, 0, 0, 2, Councilor_Glacierbane
P -91.0000, -697.0000, 37.5000, 0, 0, 0, 2, Councilor_Deynekn
P -90.0000, -664.0000, 37.5000, 0, 0, 0, 2, Councilor_Coldember
P -117.0000, -691.0000, 37.5000, 0, 0, 0, 2, Councilor_Icepike
P -116.0000, -674.0000, 37.5000, 0, 0, 0, 2, Councilor_Amberfeld
P 200.6120, 448.3305, -130.1017, 0, 0, 0, 2, Frostcube
