P -1129.7226, 85.7167, -110.9675, 255, 0, 0, 3, to_The_Stonebrunt_Mountains
P 908.5728, -747.9071, -36.9988, 255, 0, 0, 3, to_Paineel
P 930.0000, -748.0000, 0.0000, 255, 0, 0, 2, Succor
P 995.3203, -300.7817, -102.7061, 240, 240, 240, 2, Captured_Erudites
P -240.5713, -562.8232, -111.7061, 240, 240, 0, 2, Fake_Wall
P -204.1695, -510.0508, -111.7061, 240, 240, 240, 2, Batlings
P -97.0734, -313.1479, -81.7061, 240, 240, 0, 2, TRAP:_Fake_Floor
P -746.4189, 81.9593, -110.9665, 240, 240, 240, 2, Lair_of_the_Bat_Cave_Lord
P 1039.3034, -379.5393, -94.9665, 240, 240, 240, 2, Prison_Area
P 905.6393, -308.5074, -109.9665, 240, 240, 240, 2, Rat_Room
P -213.9532, -187.2986, -81.9665, 240, 240, 240, 2, Throne_Room_of_King_Gragnar
P -339.3959, -633.4534, -113.9666, 240, 240, 240, 2, Lair_of_the_Muglwup
P 1120.0000, -283.0000, -95.2000, 0, 0, 0, 2, Koajin
P 1109.0000, -272.0000, -95.2000, 0, 0, 0, 2, Aderius_Rhenar
P 1081.0000, -264.0000, -95.2000, 0, 0, 0, 2, Kujanko
P 1080.0000, -284.0000, -95.2000, 0, 0, 0, 2, Owakanji
P 719.0000, -219.0000, -90.9000, 0, 0, 0, 2, Jailer_Mkrarrg
P 762.0000, -305.0000, -84.9000, 0, 0, 0, 2, Trainer_Daxgrr
P -983.0000, -54.0000, -76.9000, 0, 0, 0, 2, Huntmaster_Furgrl
P -801.0000, 107.0000, -99.0000, 0, 0, 0, 2, cave_bat_lord
P -947.0000, 281.0000, -105.3000, 0, 0, 0, 2, The_Mighty_Bear_Paw
P -279.0000, -584.0000, -112.4000, 0, 0, 0, 2, The_Muglwump
P 158.0000, -337.0000, -63.9000, 0, 0, 0, 2, Prince_Bragnar
P -335.0000, -184.0000, -74.7000, 0, 0, 0, 2, King_Gragnar
P -233.0000, -425.0000, -112.7000, 0, 0, 0, 2, Krode_the_Diviner
P -310.0000, -213.0000, -75.9000, 0, 0, 0, 2, High_Shaman_Drogik
P -163.0000, -327.0000, -78.2000, 0, 0, 0, 2, Lorekeeper_Roggik
P 1018.0000, -535.0000, -78.2000, 0, 0, 0, 2, Rikfeer_the_Arcane
P 855.0000, -659.0000, -74.5000, 0, 0, 0, 2, Smithy_Rrarrgin
P 822.0000, -674.0000, -74.5000, 0, 0, 0, 2, Foodmaster_Rargnar
P -235.0000, -618.0000, -95.0000, 0, 0, 0, 2, #Wilslik_Gissu
P 956.7341, -318.7756, -106.6540, 127, 64, 0, 2, Packmaster_Dledsh_(Hunter)
P -107.7655, -339.0147, -80.3923, 127, 64, 0, 2, Warlord_Drrig_(Hunter)
