P 3061.0000, 1316.0000, 0.0000, 255, 0, 0, 3, to_The_Greater_Faydark
P 331.0000, 2950.0000, 0.0000, 255, 0, 0, 3, to_Dagnor`s_Cauldron
P 517.0000, -1744.0000, -3.0000, 255, 0, 0, 3, to_The_Plane_of_Knowledge_(Click_Book)
P 181.0000, -3117.0000, 0.0000, 255, 0, 0, 3, to_South_Kaladim
P -3622.0000, -70.0000, 7.0000, 240, 240, 0, 2, to_Timorous_Deep
P -3358.0000, -517.0000, 0.0000, 240, 240, 0, 2, from_Timorous_Deep
P -3256.0000, -1354.0000, 9.0000, 255, 0, 0, 3, to_The_Ocean_of_Tears_(Translocator_Fithop)
P -3167.0000, -855.0000, 9.0000, 255, 0, 0, 3, to_Timorous_Deep_(Translocator_Gethia)
P -2063.0000, 2159.0000, 0.0000, 255, 0, 0, 2, Druid_Ring
P 700.0000, -2550.0000, 0.0000, 255, 0, 0, 2, Succor
P 2644.3178, -2854.1640, -2.1080, 128, 0, 128, 2, Brell`s_Sacred_Forge
P 1555.0000, -1304.0000, 6.0000, 0, 0, 240, 1, GS:_Gyrospire_Beza_Gyroscope_269`231`225
P -117.6776, 1921.0895, 82.9537, 0, 0, 240, 1, GS:_Oak_Bark
P 176.3980, 2206.7475, 4.8010, 0, 0, 240, 1, GS:_Oak_Bark
P 582.2050, 2371.9096, 54.8058, 0, 0, 240, 1, GS:_Oak_Bark
P -3261.0000, -1351.0000, 8.0000, 255, 255, 0, 2, Dock_(Boat)
P -3181.0000, -852.0000, 8.0000, 255, 255, 0, 2, Dock_(Shuttles)
P 2486.0000, 1084.0000, 0.0000, 255, 255, 255, 2, Wayfarer_Camp
P 1814.0000, -2088.0000, 0.0000, 255, 255, 255, 2, Goblins
P -695.0000, -244.0000, 0.0000, 255, 255, 255, 2, Goblins
P -1675.0000, -254.0000, 0.0000, 255, 255, 255, 2, Bandits
P -2910.0000, 1537.0000, 0.0000, 255, 255, 255, 2, Dwarves
P -884.0000, 1540.0000, 0.0000, 255, 255, 255, 2, Skeletons
P 184.0000, 2077.0000, 0.0000, 255, 255, 255, 2, Goblins
P 1456.0000, -443.0000, 0.0000, 255, 255, 255, 2, Orcs
P 599.0000, 545.0000, 0.0000, 255, 255, 255, 2, Bandits
P 2279.0000, -692.0000, 0.0000, 255, 255, 255, 2, Haunted_Chessboard
P 2069.0000, 298.0000, 0.0000, 255, 255, 255, 2, Goblin_Camp
P -3018.0000, -1054.0000, 9.0000, 240, 240, 240, 2, Faydwer_Port_Authority
P -3159.0000, -2126.0000, 4.0000, 240, 240, 240, 2, Ship
P 2688.0000, -1128.0000, -2.0000, 240, 240, 240, 2, Dwarf_Hut
P 1211.0000, -26.0000, 2.0000, 240, 240, 240, 2, Dismal_Rage_Obelisk
P -128.0000, 112.0000, -2.0000, 240, 240, 240, 2, Guard_House
P 333.0000, -1043.0000, -2.0000, 240, 240, 240, 2, Guard_House
P 1507.0000, -1292.0000, -2.0000, 240, 240, 240, 2, Dwarf_Statues
P 788.0000, -2047.0000, -2.0000, 240, 240, 240, 2, Guard_House
P -401.0000, -2024.0000, -4.0000, 240, 240, 240, 2, Guard_House
P -1519.0000, -2041.0000, -3.0000, 240, 240, 240, 2, Dwarf_Statues
P -2921.0000, 201.0000, 5.0000, 240, 240, 240, 2, Aqua_Goblin_Camp
P -1881.0000, 2505.0000, 81.0000, 240, 240, 240, 2, Dwarven_Statue
P -3508.0000, 1868.0000, -5.0000, 240, 240, 240, 2, Aqua_Goblin_Camp
P -2937.0000, 719.0000, 3.0000, 240, 240, 240, 2, Aqua_Goblin_Camp
P -2052.0000, -1271.0000, -3.0000, 240, 240, 240, 2, Guard_Post
P -1449.0000, -1110.0000, -2.0000, 240, 240, 240, 2, Guard_House
P 1943.0000, 2438.0000, 13.0000, 240, 240, 240, 2, Ogre_Camp
P 2460.0000, 1128.0000, -3.0000, 0, 240, 0, 2, Karoline_(Parcels)
P -2383.0000, -129.0000, 0.2500, 0, 128, 0, 2, Felen_Razdal_(General)
P 697.0000, -2795.0000, -0.1300, 0, 128, 0, 2, Kaila_Rucksack_(Smithing)
P 675.0000, -2821.0000, 0.0000, 0, 128, 0, 2, Ayen_Rundlor_(Smithing)
P 941.0000, -2718.0000, -0.8800, 0, 128, 0, 2, Gamin_Griststone_(General)
P 964.0000, -2717.0000, 0.1300, 0, 128, 0, 2, Nalda_Griststone_(Smithing)
P 904.0000, -2806.0000, -0.8800, 0, 128, 0, 2, Iglan_Thranon_(General)
P 883.0000, -2794.0000, 0.0000, 0, 128, 0, 2, Urazun_Thranon_(Baking)
P 682.0000, -2837.0000, 0.2500, 0, 128, 0, 2, Inudul_Dumirgun_(Brewing)
P 1972.0000, 1287.0000, -0.7500, 0, 128, 0, 2, Izbal_Brightblaze_(Pottery)
P 1994.0000, 1309.0000, 0.1300, 0, 128, 0, 2, Gand_Truelink_(Armorer)
P 1957.0000, 1185.0000, 0.1300, 0, 128, 0, 2, Alga_Bruntbuckler_(Tailor)
P -2016.0000, 2086.0000, -0.8800, 0, 128, 0, 2, Ellona_(Spells)
P -2876.0000, 1500.0000, -1.5000, 0, 128, 0, 2, Fugan_Mumfur_(Tailoring)
P -2817.0000, -1465.0000, 0.1300, 0, 128, 0, 2, Parn_Gylwyn_(General)
P 694.0000, -2806.0000, -0.1300, 0, 127, 127, 2, Alun_Bilgum
P 685.0000, -2792.0000, -0.1300, 0, 127, 127, 2, Gibi_Bilgum
P 2417.0000, 1075.0000, -3.0000, 0, 240, 240, 2, Alinai_Kaneriti_(Raid)
P -2967.0000, -1989.0000, -11.0000, 0, 127, 127, 2, Mister_Squich_(Quest)
P -2995.0000, -2185.0000, -9.1300, 0, 0, 0, 2, #Kanthuk_Ogrebane
P 461.0000, 2733.0000, 4.0000, 0, 0, 0, 2, Droongar_Kaan
P 2524.0000, 1118.0000, -1.5000, 0, 0, 0, 2, Soulbinder_Tania_(Soulbinder)
P 2463.0000, 1046.0000, -3.0000, 0, 0, 0, 2, Gan_Ironsworthy
P 2707.0000, -1118.0000, 0.3800, 0, 0, 0, 2, Signus_Boran
P 647.0000, 530.0000, -3.0000, 0, 0, 0, 2, Barma_Dunfire
P 586.0000, 501.0000, -5.0000, 0, 0, 0, 2, Glynn_Smeltpot
P 573.0000, 516.0000, -4.0000, 0, 0, 0, 2, Glynda_Smeltpot
P -148.0000, 969.0000, 2.0000, 0, 0, 0, 2, Baradiella_Skymoor
P -11.0000, 936.0000, 0.0000, 0, 0, 0, 2, Nyzil_Bloodforge
P -111.0000, 146.0000, -0.8800, 0, 0, 0, 2, Delin_Ironblend
P -402.0000, -2044.0000, 0.0000, 0, 0, 0, 2, Durkis_Battlemore
P -1476.0000, -2039.0000, -1.5000, 0, 0, 0, 2, Darm_Dundam
P -1522.0000, -2036.0000, -0.8800, 0, 0, 0, 2, Ganbar_Dundam
P -2644.0000, -1206.0000, 0.3800, 0, 0, 0, 2, Happ_Findlefinn
P -2701.0000, -1098.0000, 0.3800, 0, 0, 0, 2, Doran_Glosglen
P -2757.0000, -1024.0000, -3.0000, 0, 0, 0, 2, Lessein_Rocraft
P -2737.0000, -1069.0000, 0.5000, 0, 0, 0, 2, Gann_Dunbull
P -2972.8800, -913.8800, -0.3800, 0, 0, 0, 2, Thar_Kelgand
P -3008.0000, -1009.0000, 11.6300, 0, 0, 0, 2, Vedico_Windwisper
P -1843.0000, 514.0000, -1.0000, 0, 0, 0, 2, Sigmas_Boran
P -2972.8800, 1518.0000, -8.5000, 0, 0, 0, 2, Tagnis_Ginfarr
P -2853.0000, 1511.0000, -1.2500, 0, 0, 0, 2, Den_Ironblend
P -2840.2500, 1495.3800, -1.3800, 0, 0, 0, 2, Kandin_Firepot
P -2882.0000, 1403.0000, -0.8800, 0, 0, 0, 2, Dalbar_Tarbrind
P -2895.0000, 1393.0000, -0.8800, 0, 0, 0, 2, Lann_Dabldrin
P -1641.0000, -262.0000, -1.0000, 0, 0, 0, 2, Peg_Leg
P -1651.0000, -275.0000, -1.0000, 0, 0, 0, 2, Crytil_Dunfire
P -1677.0000, -266.0000, -1.0000, 0, 0, 0, 2, Keldyn_Dunfire
P -1642.0000, -229.0000, -1.0000, 0, 0, 0, 2, Margyl_Darklin_(Roam)
P -1619.0000, -68.0000, 18.0000, 0, 0, 0, 2, Qued
P -2979.0000, -1606.0000, 1.7500, 0, 0, 0, 2, Dru_Razbind
P -1617.0000, -3056.0000, 261.0000, 0, 0, 0, 2, Walnan
P 2165.0053, -646.1801, 20.7150, 0, 0, 0, 2, Tok_Skan
P 2920.0000, 1212.0000, 2.0000, 0, 0, 0, 2, Savil_Tranquilsong
P -2712.0000, -1424.0000, 2.2500, 0, 0, 0, 2, Siltria_Marwind
P 203.0000, -2957.0000, -0.1300, 0, 0, 0, 2, Dandalek_Swillslammer
P 189.1884, 1038.4361, -12.0086, 0, 0, 0, 2, Zarchoomi
P -3214.5000, -1237.0000, -19.0000, 127, 64, 0, 2, Glubbsink
