P 888.9078, -829.0808, -32.3738, 255, 0, 0, 3, to_Shadow_Haven
P -1025.0000, -1145.0000, -126.4988, 255, 0, 0, 3, to_The_Fungus_Grove
P -1586.0000, 1765.0000, 124.6875, 255, 0, 0, 3, to_The_Deep
P 50.4501, 1003.1703, -2.0141, 255, 0, 0, 3, to_Shadow_Haven
P 800.0000, -840.0000, 0.0000, 255, 0, 0, 2, Succor
P -287.8778, 1284.8508, -40.5228, 255, 255, 0, 2, Elevator
P 735.4447, -971.8923, -32.2685, 240, 240, 0, 2, Secret_Door
P -591.9570, -1003.5855, -128.8902, 240, 240, 240, 2, Bogling_Cave
P -62.0476, -840.0851, -102.7229, 240, 240, 240, 2, Needle_Cave
P 892.0000, -1599.0000, -39.1300, 0, 128, 0, 2, Drible_Telakeri_(Baking)
P 768.0000, -1603.0000, -39.1300, 0, 128, 0, 2, Kacheoa_Dariwlan_(Spells)
P 616.0000, -1388.0000, -78.1300, 0, 128, 0, 2, Rasl_Lerosac_(Merchant)
P 544.0000, -1324.0000, -78.1300, 0, 128, 0, 2, Solsain_Paslinor_(Jewelcrafting)
P 794.0000, -1341.0000, -65.1300, 0, 128, 0, 2, Pugidlar_Vermot_(Jewelcrafting)
P 852.0000, -1412.0000, -65.1300, 0, 128, 0, 2, Olowakn_Telrok_(Merchant)
P 915.0000, -1317.0000, -65.1300, 0, 128, 0, 2, Saerlsam_Monrols_(Bar)
P 755.0000, -1602.0000, -39.1300, 0, 128, 0, 2, Falos_Ginranes_(Spells)
P 880.0000, -1591.0000, -39.1300, 0, 128, 0, 2, Horoal_Deathdealer_(Spells)
P 405.0000, -1128.0000, -46.3800, 0, 128, 0, 2, Pelinor_the_Arms_Merchant_(Weapons)
P -230.0000, 744.0000, 32.1300, 0, 128, 0, 2, Trace_the_Tinker_(Tinkering)
P 846.0000, -1609.0000, -39.1300, 128, 128, 128, 2, Lineol_Teropalig
P 273.0000, -1739.0000, -46.1300, 128, 128, 128, 2, Nightmaster_Kelador
P 555.0000, -1542.0000, -24.0000, 128, 128, 128, 2, Master_Wirgus
P 461.0000, -1496.0000, -24.0000, 128, 128, 128, 2, Master_Yurian
P 462.0000, -1528.0000, -22.1300, 128, 128, 128, 2, Master_Celerik
P 463.0000, -1512.0000, -22.1300, 128, 128, 128, 2, Master_Nochtar
P 364.0000, -1098.0000, -19.5000, 128, 128, 128, 2, Master_Assassin_Prasor
P 305.0000, -1169.0000, -14.1300, 128, 128, 128, 2, Duke_Norfin
P 405.0000, -1231.0000, -44.5000, 128, 128, 128, 2, Marshall_Galeron
P -105.0000, 1167.0000, -1.0000, 0, 0, 0, 2, Engineer_Palin
P -212.0000, 1249.0000, -0.3800, 0, 0, 0, 2, Miner_Dirkins
P -222.0000, 1253.0000, -0.3800, 0, 0, 0, 2, Crew_Chief_Doyle
P -499.0000, 1386.0000, -38.8800, 0, 0, 0, 2, Miner_Daven
P -204.0000, 716.0000, 31.2500, 0, 0, 0, 2, Guildmaster_Grobin
P -225.0000, 708.0000, 31.6200, 0, 0, 0, 2, Crates_the_Philosopher
P -240.0000, 706.0000, 31.6300, 0, 0, 0, 2, Amscray_the_Historian
P -450.0000, 429.0000, 55.1300, 0, 0, 0, 2, Polyona
P -385.0000, 472.0000, 54.8800, 0, 0, 0, 2, Court_Jester
P -360.0000, 411.0000, 56.0000, 0, 0, 0, 2, Court_Sage
P -422.0000, 417.0000, 55.7500, 0, 0, 0, 2, Royal_Guardian_of_Above
P -413.0000, 417.0000, 59.5000, 0, 0, 0, 2, King_Grery_of_Above
P -407.0000, 417.0000, 59.5000, 0, 0, 0, 2, King_Gomklin_of_Below
P -399.0000, 416.0000, 54.8800, 0, 0, 0, 2, Royal_Guardian_of_Below
P -431.0000, 490.0000, 55.8800, 0, 0, 0, 2, Harold_the_Herald
P 544.2500, -432.7500, -35.8800, 0, 0, 0, 2, #Marin_Pointear
P 525.0000, -355.0000, -34.3800, 0, 0, 0, 2, Darian_the_Preacher
P 585.0000, -291.0000, -37.1300, 0, 0, 0, 2, Crazy_Pete
P 754.0000, -236.0000, -45.0000, 0, 0, 0, 2, Priestess_Tarafol
P 774.0000, -225.0000, -47.0000, 0, 0, 0, 2, Asther
P 442.6254, -328.4263, -40.9978, 0, 0, 0, 2, Dack_Tiktopper
P 263.0000, -296.0000, -19.6300, 0, 0, 0, 2, Roy
P 602.4775, -553.6697, -32.8577, 0, 0, 0, 2, Adelin_Crow
P 439.0000, -262.0000, -38.3800, 0, 0, 0, 2, Gip_Gallows
P -1195.0000, 491.0000, 134.5000, 0, 0, 0, 2, Taskmaster_Torkazh
P 309.0000, -1114.0000, -45.7500, 0, 0, 0, 2, Bowmaster_Staniel
P 308.0000, -1226.0000, -45.7500, 0, 0, 0, 2, Blademaster_Kelsitch
P -402.0000, -1160.0000, -111.3800, 0, 0, 0, 2, The_Great_Saprophyte
P 375.0000, -663.0000, -34.6300, 0, 0, 0, 2, Lieutenant_Arathur
P 548.0000, -1430.0000, -26.0000, 0, 0, 0, 2, Trademaster_Korvesh
P 553.3370, -1517.6624, -6.9978, 240, 127, 0, 2, General_Jared_Blaystich_(Raid)
P -507.6797, -534.5080, -45.9625, 127, 64, 0, 2, Chief_Groplin_(Hunter)
P 529.9133, -235.2208, -40.6853, 127, 64, 0, 2, Crinthia_Signseer_(Hunter)
P 710.7727, -528.5318, -30.5655, 127, 64, 0, 2, Crinthia_Signseer_(Hunter)
P -1152.0363, 739.9458, 97.3142, 127, 64, 0, 2, Fireclaw_(Hunter)
P -1068.4277, 773.6869, 87.0547, 127, 64, 0, 2, Fireclaw_(Hunter)
P -1338.8089, 1392.5340, 114.9565, 127, 64, 0, 2, Fireclaw_(Hunter)
P 732.8342, -563.7872, -32.6853, 127, 64, 0, 2, Murph_Cobblestone_(Hunter)
P 491.6591, -359.7969, -39.5745, 127, 64, 0, 2, Murph_Cobblestone_(Hunter)
P 129.6356, -871.0201, -112.6194, 127, 64, 0, 2, The_Needlite_Queen_(Hunter)
P 443.7410, -415.6409, -38.7117, 127, 64, 0, 2, Torin_Truestring_(Hunter)
P -1441.0000, 1246.0000, 65.0000, 127, 64, 0, 2, Trillcor_(Hunter)
P -225.0000, 1388.0000, 0.2500, 0, 0, 0, 2, Jake_the_Shoveler
P -178.0000, 1578.0000, -24.3800, 0, 0, 0, 2, Crew_Chief_Grinn
P -314.8778, 730.5836, 29.0019, 240, 240, 240, 2, Echo_Caverns_Outpost
