P -3085.0000, 2599.0000, 0.0000, 255, 0, 0, 2, from_The_Wakening_Land
P -3016.0000, 2522.0000, -21.1875, 240, 0, 0, 2, Succor
P -1208.0000, 3508.0000, 22.3800, 0, 0, 0, 2, Guardian_of_Takish
P 2484.0000, 447.0000, 229.5000, 0, 0, 0, 2, Tunarean_Earthmelder
P 2076.0000, 3096.0000, 0.0000, 255, 255, 255, 2, Thriftling_Camp
P 1503.0000, -1325.0000, 0.0000, 255, 255, 255, 2, Tunare`s_Tree
P 2568.8183, -1683.6577, 259.0683, 240, 127, 0, 2, an_abstruse_phantasm_(Raid,Roam)
P -422.1300, -2057.5000, -21.3800, 240, 127, 0, 2, Ail_the_Elder
P 202.0000, 1535.0000, -32.8800, 240, 127, 0, 2, Ancient_Totem
P 1540.6300, -3120.8800, 165.2500, 240, 127, 0, 2, Fayl_Everstrong
P -2156.0000, 2853.8800, -21.1000, 240, 127, 0, 2, Galiel_Spirithoof
P 3428.3698, -262.0816, 371.3201, 240, 127, 0, 2, a_gleaming_sphere_of_light_(Raid,Roam)
P -997.7500, -2158.7500, -40.2500, 240, 127, 0, 2, Grahl_Strongback
P 2960.2500, -1426.1300, 397.0000, 240, 127, 0, 2, keeper_of_the_glades
P 1796.0000, 1626.0000, 123.6300, 240, 127, 0, 2, Ordro
P 3394.1300, -719.2500, 395.7500, 240, 127, 0, 2, Rumbleroot
P -838.0000, -249.2500, -53.7500, 240, 127, 0, 2, Sarik_the_Fang
P -94.1567, -1453.1392, -57.2366, 240, 127, 0, 2, a_thifling_orator_(Raid,Roam)
P 790.3800, 1070.2500, -21.1300, 240, 127, 0, 2, Treah_Greenroot
P 2161.8800, 598.2500, 228.6300, 240, 127, 0, 2, Undogo_Digolo
P 1633.0000, -1525.0000, 205.3800, 240, 127, 0, 2, #_Tunare
P 1561.0000, -1491.0000, 50.7500, 240, 127, 0, 2, Prince_Thirneg
P -700.7473, 1280.8493, -64.2502, 240, 240, 240, 2, Stream_of_Silence
P -144.6985, 2926.9162, -87.8281, 240, 240, 240, 2, Lake_of_the_Whispering
