P -3825.0000, -2021.0000, 462.0000, 255, 0, 0, 3, to_Rivervale
P -4890.0000, -557.0000, 692.0000, 255, 0, 0, 3, to_Highpass_Hold
P 1087.0000, -1450.0000, -52.0000, 255, 0, 0, 3, to_The_Commonlands
P -3828.0000, -1889.0000, 0.0000, 255, 0, 0, 2, Succor
P -3280.9924, 83.5110, 413.4085, 0, 0, 240, 1, GS:_Ignot_of_the_Reliant
P -1139.8538, -1727.3865, 222.8324, 0, 0, 240, 1, GS:_Turgan`s_Note
P -1382.5010, 277.7141, 158.6318, 240, 240, 240, 2, Shadowman_Ruins
P 673.0000, -1135.9000, -40.2000, 0, 128, 0, 2, Innkeep_Darvon_(General)
P -2263.0000, -1458.0000, 299.1300, 0, 128, 0, 2, Mune_Woodchopper_(Merchant)
P -3821.0000, 281.0000, 496.0000, 0, 128, 0, 2, Innkeep_Jurn_(General)
P -4000.5000, 264.3800, 498.8800, 0, 128, 0, 2, Lena_Leatherspinner_(Tailor)
P -3882.7500, 331.8800, 497.3800, 0, 128, 0, 2, Krile_Arrowsmith_(Fletching)
P -3813.0000, 216.0000, 496.2500, 0, 128, 0, 2, Jeena_Firechaser_(General)
P 684.0000, -1095.0000, -40.2500, 0, 128, 0, 2, Innkeep_Grace_(General)
P -2315.0000, -1522.0000, 299.7500, 128, 128, 128, 2, Morin_Shadowbane_(Ranger_GM)
P -1962.0000, 571.0000, 227.1300, 128, 128, 128, 2, Kithicor
P 840.0000, -1443.0000, -43.8800, 0, 128, 0, 2, Clomen_Walker_(Shoes)
P 499.0000, 103.0000, -39.0000, 0, 0, 0, 2, Shamus_Gull
P -4660.0000, -375.0000, 660.7500, 0, 0, 0, 2, Dusis_Moor
P -4157.0000, -1534.0000, 503.0000, 0, 0, 0, 2, Lothlen_Selendru
P 825.0000, -1427.0000, -44.0000, 0, 127, 0, 2, Eithne_Walker_(Satchels)
P 680.0000, -1157.0000, -44.0000, 0, 0, 0, 2, Tallyn_Starwatch
P -1929.8800, 570.5000, 225.1300, 0, 0, 0, 2, Thumper
P -2040.0000, 302.0000, 241.0000, 0, 0, 0, 2, Unked_Shralok
P -2353.8800, -102.0000, 280.1300, 0, 0, 0, 2, Ged_Twigborn
P -87.0000, -669.8800, -10.6300, 0, 0, 0, 2, Irin_Lunis
P -4243.0972, -122.3324, 509.8114, 0, 0, 0, 2, Tulonk_Shralok
P -3944.8730, 117.3629, 487.4967, 0, 0, 0, 2, Felltruia_Moru
P -3793.8800, 307.0000, 496.1300, 0, 127, 0, 2, Innkeep_Lynnie_(General)
P -4523.9414, 674.5201, 592.7563, 0, 0, 0, 2, Talok_Shralok
P -4501.6753, 785.7567, 618.0345, 0, 0, 0, 2, Renkil_Shralok
P -4435.6299, 866.1805, 666.9742, 0, 0, 0, 2, Chief_Gan`Shrlok
P -3082.8800, 775.8800, 475.0000, 0, 127, 0, 2, Elsbyth_(General)
P -1946.6072, 369.6437, 222.2137, 0, 0, 0, 2, Madeanna_Drathen
P -2323.9153, -1446.0079, 296.5002, 240, 240, 240, 2, Ranger_Camp
