P -155.1780, -20.6846, 28.6259, 255, 0, 0, 3, to_Nektulos_Forest
P 361.0000, -85.0000, -13.9969, 255, 0, 0, 3, to_Neriak_-_Commons
P 453.5140, 249.2489, 14.0019, 240, 0, 0, 3, to_Neriak_Commons
P 78.0000, 191.0000, 39.0009, 255, 0, 0, 2, Priest_of_Discord
P -157.0000, 3.0000, 0.0000, 255, 0, 0, 2, Succor
P 485.3254, 352.1282, 14.0019, 240, 240, 0, 2, Fake_Wall
P 404.1685, 272.9530, 14.0009, 128, 0, 128, 2, Forge
P 393.4217, 292.6951, 0.0009, 128, 0, 128, 2, Forge
P 275.3045, -143.3281, 0.0009, 128, 0, 128, 2, Oven
P 189.6875, -131.1992, 0.0009, 128, 0, 128, 2, Loom
P 160.6299, 362.2219, 0.0009, 128, 0, 128, 2, Oven
P 67.3341, -200.4320, 0.0009, 128, 0, 128, 2, Pottery_Wheel
P 80.1043, -206.1800, 0.0009, 128, 0, 128, 2, Kiln
P 174.8998, -224.1489, 14.0019, 128, 0, 128, 2, Brewing_Barrel
P 91.4879, -273.4404, 14.0019, 240, 240, 240, 2, Market_View
P 60.2313, -249.1564, 17.1259, 255, 255, 255, 2, Gambel`s_Greens
P 216.2301, -185.1955, 17.1259, 255, 255, 255, 2, Slug`s_Tavern
P 238.1875, -131.1219, -0.3739, 255, 255, 255, 2, Drana`s_Bread_and_Butcher
P 161.4031, -132.3797, 0.6259, 255, 255, 255, 2, Silk_Underground
P 101.1451, -151.8113, -0.3739, 255, 255, 255, 2, The_Smuggler`s_Inn
P 440.5072, 298.4491, 15.6259, 255, 255, 255, 2, Pig_Sticker
P 270.9522, 345.5782, -3.3739, 255, 255, 255, 2, Bulls_Pit
P 124.1252, 343.6441, 0.6259, 255, 255, 255, 2, Bites_N_Pieces
P 169.2820, 290.6125, 0.6259, 255, 255, 255, 2, Shinie_Tings
P 95.0000, -205.0000, 0.0009, 0, 0, 0, 2, Nola_(Soulbinder)
P 366.0000, 222.0000, 8.0000, 0, 128, 0, 2, Jarvah_(Armor)
P 295.0000, 213.0000, 19.6300, 0, 128, 0, 2, Putad_(Smithing)
P 279.0000, 204.0000, 14.8452, 0, 128, 0, 2, Ungia_(Smithing)
P 388.0000, 242.0000, 8.0000, 0, 128, 0, 2, Bronk_(Armor)
P 418.0288, 603.7653, 23.8130, 0, 128, 0, 2, Spell_Vendors
P 437.0000, 562.0000, 1.0009, 0, 128, 0, 2, Zumzal_(Merchant)
P 472.0000, 598.0000, 19.6259, 128, 128, 128, 2, Hukulk_(GM_Shadowknight)
P 488.0000, 578.0000, 19.6259, 128, 128, 128, 2, Ranjor_(GM_Warrior)
P 350.0000, 578.0000, 19.6259, 128, 128, 128, 2, Gardunk_(GM_Beastlord)
P 367.0000, 598.0000, 19.6259, 128, 128, 128, 2, Kaglari_(GM_Shaman)
P 173.0000, -175.0000, 3.1300, 0, 127, 0, 2, Javen_TaVos_(Tailoring)
P 110.8800, -205.8800, 3.7500, 0, 127, 0, 2, Palais_Derekor_(Satchels)
P 57.0000, -199.8800, 2.1300, 0, 127, 0, 2, Farlain_Stonethrower_(Armor)
P 187.0000, -147.0000, 3.7500, 0, 127, 0, 2, Jasma_Tather_(Armor)
P 175.0000, -130.0000, 3.7500, 0, 127, 0, 2, Mordant_Tather_(Armor)
P 98.0000, -136.0000, 17.7500, 0, 127, 0, 2, Tala_Felton_(General)
P 196.0000, -177.0000, 17.7500, 0, 127, 0, 2, Damar_Nislan_(General)
P 242.0000, -215.0000, 30.5000, 0, 127, 0, 2, Tanai_Tanbor_(General)
P 227.0000, -246.0000, 16.5000, 0, 127, 0, 2, Uawn_Betell_(General)
P 244.0000, -210.0000, 2.2500, 0, 127, 0, 2, Dran_`slug`_Rembor_(General)
P 215.0000, -210.0000, 2.5000, 0, 127, 0, 2, Vala_Tanbor_(General)
P 251.0000, -106.0000, 3.7500, 0, 127, 0, 2, Tal_Drana_(General)
P 238.0000, -106.0000, 3.7500, 0, 127, 0, 2, Sal_Drana_(General)
P 426.0000, 278.0000, 18.1300, 0, 0, 0, 2, Namarg
P 438.0000, 367.0000, 19.0000, 0, 0, 0, 2, Oosa_Shadowthumper
P 172.0000, 268.0000, 5.0000, 0, 127, 0, 2, Canarie_(Jewelcrafting)
P 107.0000, 335.0000, 5.6300, 0, 127, 0, 2, Smaka_(General)
P 125.0000, 323.0000, 5.6300, 0, 127, 0, 2, The_Gobbler_(General)
P 194.0000, 336.0000, 5.0000, 0, 127, 0, 2, Slunga_(General)
P 225.0000, 315.0000, 5.6000, 0, 0, 0, 2, Mrak
P 314.0000, 316.0000, 6.0000, 0, 0, 0, 2, Karnan
P 317.0000, 371.8800, 5.6300, 0, 0, 0, 2, Uglan
P 345.3874, 332.3843, 0.0019, 0, 0, 0, 2, Pungla
P 222.0000, 371.8800, 5.0000, 0, 0, 0, 2, Capee
P 252.0000, 390.0000, 5.6300, 0, 127, 0, 2, Bull_Crusher_(General)
P 353.0000, 331.0000, 23.0000, 0, 0, 0, 2, Relgor
P 209.0000, 340.0000, 23.0000, 0, 0, 0, 2, Svunsa
P 261.0000, 260.0000, 5.6000, 0, 0, 0, 2, Ghrag
P 264.8800, -242.8800, 2.5000, 0, 127, 0, 2, Yala_Thiss_(General)
P 226.7348, -202.9298, 28.0019, 0, 127, 0, 2, Sara_Buelle_(General,Roam)
P 60.0000, -253.0000, 17.7500, 0, 127, 0, 2, Gambel_Quick_(Alchemy)
P 91.8800, -147.0000, 4.6300, 0, 127, 0, 2, ChonChon_(Pottery)
P 93.0000, -136.0000, 2.7500, 0, 127, 0, 2, Darien_Felton_(General)
P 104.0000, -159.0000, 19.6300, 0, 127, 0, 2, Wiska_(Brewing)
P 115.8800, 0.0000, 3.1300, 0, 127, 127, 2, Divn_L`Crit
P 111.0000, -32.0000, 3.1300, 0, 0, 0, 2, Psal_G`Noir
P 109.0000, 32.0000, 3.1300, 0, 127, 127, 2, Lisv_D`Unnar
P 50.0000, 13.0000, 45.0000, 0, 0, 0, 2, X`Ta_Tompi
P 37.0000, -1.0000, 45.0000, 0, 0, 0, 2, X`Ta_Timpi
P 30.0000, 0.0000, 45.0000, 0, 0, 0, 2, X`Ta_Tempi
P 7.0000, -48.0000, 45.0000, 0, 240, 0, 2, Nerta_D`Vile_(Tribute_Master)
P 237.0000, 261.0000, 19.0000, 0, 0, 0, 2, Jacker
P 456.0000, 308.0000, 20.6300, 0, 127, 0, 2, Kruna_(Weapons)
P 421.5331, 556.7415, 19.0019, 240, 240, 240, 2, Neriak_Overlook
