P -513.9590, 1679.9506, -215.9990, 255, 0, 0, 3, to_Shadeweaver`s_Thicket
P 231.7870, -1532.5010, -206.9080, 255, 0, 0, 3, to_Hollowshade_Moor
P -85.0000, 1135.0000, 0.0000, 255, 0, 0, 2, Succor
P -135.2900, 845.5400, -190.3700, 255, 0, 0, 2, Priest_of_Discord
P 164.7757, 212.6227, -191.9990, 128, 0, 128, 2, Oven
P 496.2590, -212.2810, -191.9990, 128, 0, 128, 2, Pottery_Wheel
P 177.6795, 186.9332, -191.9990, 128, 0, 128, 2, Brew_Barrel
P -37.0108, -375.3348, -192.0064, 128, 0, 128, 2, Oven
P -2.2540, 483.2740, -191.9990, 128, 0, 128, 2, Oven
P 201.2140, -276.9940, -191.9860, 128, 0, 128, 2, Forge
P 480.9170, -212.1740, -191.9990, 128, 0, 128, 2, Pottery_Wheel
P -24.7698, -376.0156, -189.0630, 128, 0, 128, 2, Oven
P -411.1506, -405.3386, -193.4990, 128, 0, 128, 2, Forge
P 231.5015, 198.9353, -191.9979, 128, 0, 128, 2, Brew_Barrel
P 205.6901, 185.9348, -191.9979, 128, 0, 128, 2, Brew_Barrel
P 433.8330, -245.3380, -191.9990, 128, 0, 128, 2, Kiln
P -439.6972, 140.9011, -167.9990, 128, 0, 128, 2, Oven
P -400.1010, -405.1640, -193.4990, 128, 0, 128, 2, Forge
P 205.7718, -179.1054, -191.9979, 128, 0, 128, 2, Shar_Vahl_Forge
P 373.7507, -287.2997, -169.4990, 128, 0, 128, 2, Loom
P 306.3088, 488.2565, -193.4990, 128, 0, 128, 2, Pottery_Wheel
P -129.6091, 836.9062, -362.2553, 0, 0, 240, 1, GS:_Redcap_Mushroom
P 537.2587, 141.8538, -263.8151, 240, 240, 240, 2, Warrior_Guild
P 287.2952, -196.3368, -251.9979, 240, 240, 240, 2, Rogue_Guild
P -439.3651, -167.3446, -167.2479, 240, 240, 240, 2, Dining_Room
P 581.4498, -147.1642, -239.9979, 240, 240, 240, 2, Jail_Cells
P -451.4120, 120.0800, -165.4240, 255, 255, 255, 2, Baking_Merchants
P 369.6170, 307.8030, -191.9990, 255, 255, 255, 2, Alchemy_Merchants
P -113.0000, 497.0000, -192.5000, 0, 128, 0, 2, #Chialle_(General)
P -119.0000, 352.0000, -189.0000, 0, 128, 0, 2, Dharr_Nadim_(Fishing)
P -134.0000, -258.0000, -258.0000, 0, 128, 0, 2, Scribe_Kaleej_(Beastlord_Spells)
P -148.0000, -82.0000, -258.0000, 0, 128, 0, 2, Scribe_Cholsa_(Shaman_Spells)
P 161.0000, -217.0000, -187.5000, 0, 128, 0, 2, Apprentice_Kafy_(Smithing)
P 161.0000, -227.0000, -187.5000, 0, 128, 0, 2, Apprentice_Garr_(Smithing)
P 174.0000, -200.0000, -187.5000, 0, 128, 0, 2, Master_Barkhem_(Smithing)
P -214.0000, 348.0000, -189.0000, 0, 128, 0, 2, Lajika_(Armor)
P -215.0000, -424.0000, -187.5000, 0, 128, 0, 2, Cook_Umek_(Baking)
P 478.0000, -270.0000, -187.5000, 0, 128, 0, 2, Larken_(Pottery)
P 478.0000, -285.0000, -187.5000, 0, 128, 0, 2, Nocia_(Smithing)
P 48.0000, 475.0000, -187.5000, 0, 128, 0, 2, Barkeep_Nejat_(General)
P -408.0000, 401.0000, -189.0000, 0, 128, 0, 2, Rytan_(Fletching)
P -457.0000, 385.0000, -189.0000, 0, 128, 0, 2, Hokar_(Fletching)
P -216.0000, -454.0000, -187.5000, 0, 128, 0, 2, Jolod_Amulek_(General)
P 238.0000, 446.0000, -187.5000, 0, 128, 0, 2, Barkeep_Rawlf_(General)
P -239.0000, 348.0000, -189.0000, 0, 128, 0, 2, Kafal_(Armor)
P -49.9447, 182.1429, -191.9990, 0, 128, 0, 2, Qua_(Weapons)
P 495.0000, -255.0000, -187.5000, 0, 128, 0, 2, Jangle_(General)
P -498.0000, 348.0000, -189.0000, 0, 128, 0, 2, Mugdah_(Poison)
P 501.0000, 167.0000, -259.5000, 0, 128, 0, 2, Armorer_Nimij_(Weapons)
P 508.0000, -255.0000, -187.5000, 0, 128, 0, 2, Gherik_Alarhun_(Pottery)
P 278.0000, -485.0000, -187.5000, 0, 128, 0, 2, Melek_Haluur_(General)
P 28.0000, 475.0000, -187.5000, 0, 128, 0, 2, Jheral_Alezya_(General)
P 308.0000, 474.0000, -189.0000, 0, 128, 0, 2, Chogar_(Pottery)
P -320.0000, 345.0000, -189.0000, 0, 128, 0, 2, Gawra_(General)
P 32.0000, -230.0000, -187.2500, 0, 128, 0, 2, Broker_Fahaar_(General)
P 32.0000, 233.0000, -187.5000, 0, 128, 0, 2, Katja_(Jewelcrafting)
P 348.0000, 212.0000, -165.0000, 0, 128, 0, 2, Dar_Khura_Ahmih_(Shaman_Spells)
P -37.0000, 497.0000, -189.0000, 0, 128, 0, 2, Kojik_(General)
P 371.0000, -216.0000, -187.5000, 0, 128, 0, 2, Uhlma_Mareesh_(Jewelcrafting)
P 371.0000, -305.0000, -187.5000, 0, 128, 0, 2, Jhimis_Khadwi_(Jewelcrafting)
P 375.0000, -307.0000, -162.8800, 0, 128, 0, 2, Jala_(Tailoring)
P -385.0000, -409.0000, -189.0000, 0, 128, 0, 2, Supply_Sergeant_Ker`far_(Smithing)
P 4.0000, -246.0000, -187.5000, 0, 128, 0, 2, Merchant_Ayyad_(General)
P 55.0000, -433.0000, -187.5000, 0, 128, 0, 2, Mahj_Hujara_(General)
P 55.0000, -495.0000, -188.7500, 0, 128, 0, 2, Golath_(General)
P -556.0000, 35.0000, -103.5000, 0, 128, 0, 2, Scribe_Imasan_(Bard_Songs)
P -558.0000, -29.0000, -103.5000, 0, 128, 0, 2, Scribe_Qualia_(Bard_Songs)
P -598.0000, 2.0000, -103.5000, 0, 128, 0, 2, Scribe_Tolniq_(Bard_Songs)
P -66.0000, -46.0000, -258.0000, 0, 128, 0, 2, Kanaad_(Alchemy)
P -69.0000, -126.0000, -187.5000, 0, 128, 0, 2, Librarian_Almasa_(Tailoring)
P -69.0000, -142.0000, -187.5000, 0, 128, 0, 2, Historian_Sharar_(General)
P -71.0000, 119.0000, -187.5000, 0, 128, 0, 2, Trade_Historian_Hajika_(Baking)
P 79.0000, 474.0000, -188.7500, 0, 128, 0, 2, Kogar_(Weapons)
P -82.0000, -94.0000, -259.5000, 0, 128, 0, 2, Ritra_Icyclaw_(Berserker_Tomes)
P -119.0000, -444.0000, -188.2500, 0, 127, 0, 2, Supply_Master_Guresh_(Baking)
P -134.0000, 370.0000, -188.2500, 0, 0, 0, 2, Registrar_Bindarah
P -48.0000, 83.0000, -187.5000, 0, 0, 0, 2, Toxicologist_Tariid_(Poison)
P 454.0000, 289.0000, -187.5000, 0, 0, 0, 2, Tax_Collector_Khugra
P -488.0000, -52.0000, -163.5000, 0, 0, 0, 2, Soulbinder_Ghula_(Soulbinder)
P -102.0000, -24.0000, -259.5000, 128, 128, 128, 2, Elder_Spiritist_Grawleh_(Shaman_GM)
P 255.0000, -192.0000, -246.0000, 128, 128, 128, 2, Master_Taruun_Rakutah_(Rogue_GM)
P -532.0000, -17.0000, -103.5000, 128, 128, 128, 2, Elder_Hymnist_Hortitosh_(Bard_GM)
P -49.0000, -61.0000, -258.0000, 128, 128, 128, 2, Vrasha_Piennsa_(Berserker_GM)
P 486.0000, 144.0000, -259.5000, 128, 128, 128, 2, High_Armsman_Trukhanah_(Warrior_GM)
P -47.8800, -274.8800, -258.0000, 128, 128, 128, 2, Animist_Poren_(Beastlord_GM)
P -136.0000, -44.0000, -258.0000, 128, 128, 128, 2, Spiritist_Fehril_(Shaman_GM)
P -216.0000, 379.0000, -140.2500, 128, 128, 128, 2, Elder_Scout_Kyth_Lar_(Rogue_GM)
P 511.0000, 238.0000, -187.5000, 255, 210, 0, 2, Banker_Kjarl_(Banker)
P -174.0000, 483.0000, -163.5000, 0, 0, 0, 2, Nytal_Lior
P -270.0000, 376.0000, -189.0000, 0, 127, 0, 2, Marduk_(General)
P -476.0000, 337.0000, -188.2500, 0, 0, 0, 2, Captain_Jhulim
P 41.0000, 400.0000, -163.5000, 0, 0, 0, 2, Taruun_Sian
P -173.0000, 483.0000, -141.0000, 0, 0, 0, 2, Elder_Taruun_Ternq
P -200.0000, 398.0000, -187.5000, 0, 127, 0, 2, Jihli_Mahej_(General)
P -220.0000, 398.0000, -187.5000, 0, 127, 0, 2, Erat_Almar_(General)
P -233.0000, 397.0000, -187.5000, 0, 127, 0, 2, Ahahd_Tolm_(General)
P 278.0000, 463.0000, -163.5000, 0, 0, 0, 2, Khala_Dun_Welaar
P 286.0000, 480.0000, -163.5000, 0, 0, 0, 2, Khala_Dun_Quatan
P 259.0000, 457.0000, -187.5000, 0, 0, 0, 2, Vlarha_Myticla
P 583.0000, 178.0000, -189.0000, 0, 240, 0, 2, Laanas_Sejiir_(Parcels_and_General)
P 500.0000, 294.0000, -187.5000, 0, 240, 0, 2, Khala_Dun_Kerak
P 497.0000, 36.0000, -175.5000, 0, 0, 0, 2, Veteran_Azamin
P 650.0000, -6.0000, -175.0000, 0, 0, 0, 2, #General_Keraj
P 669.0000, 0.0000, -175.5000, 0, 0, 0, 2, High_Spiritist_Jimuul
P 648.0000, 8.0000, -175.5000, 0, 0, 0, 2, Pathmaster_Kharin
P 264.0000, -260.0000, -165.0000, 0, 0, 0, 2, Khati_Sha_Jaarin
P 280.0000, -488.0000, -163.5000, 0, 0, 0, 2, Mignah_Cahru
P 259.0000, -487.0000, -163.5000, 0, 0, 0, 2, Khati_Sha_Marook
P 335.0000, -459.0000, -183.0000, 0, 0, 0, 2, Jharin_Taani
P -140.0000, -403.0000, -189.0000, 0, 127, 0, 2, Kyala_(General)
P -99.0000, -340.0000, -189.0000, 0, 127, 0, 2, Lyjak_(Tailoring)
P -200.0000, -424.0000, -163.5000, 0, 0, 0, 2, Ahjiq_Mumir
P -197.0000, -460.0000, -163.5000, 0, 0, 0, 2, Khala_Dun_Rorya
P -295.0000, -448.0000, -185.5000, 0, 0, 0, 2, Scout_Faarni
P -323.0000, -462.0000, -188.2500, 0, 0, 0, 2, Scout_Lijo
P -336.0000, -450.0000, -190.4600, 0, 0, 0, 2, Fharra_Cawfeet
P -385.8800, -458.8800, -185.5000, 0, 0, 0, 2, Scout_Irumo
P -330.0000, -352.0000, -188.2500, 0, 0, 0, 2, #Delival
P -447.0000, -354.0000, -187.5000, 0, 0, 0, 2, Khala_Dun_Faalym
P 149.0000, -8.0000, -181.5000, 0, 0, 0, 2, Spiritist_Garig
P -84.0000, 133.0000, -187.5000, 0, 0, 0, 2, Hymnist_Gawfed
P -185.0000, 203.0000, -182.8000, 0, 0, 0, 2, Warder_Keeper_Jyk
P -120.0000, 259.0000, -185.3800, 0, 0, 0, 2, Kaam_Rahiir
P -89.0000, -144.0000, -182.0000, 0, 0, 0, 2, Lore_Master_Rahamin
P -52.0000, -230.0000, -187.5000, 0, 0, 0, 2, Historian_Jiira
P -175.0000, -238.0000, -187.5000, 0, 0, 0, 2, Amat_Iuziq
P -579.0000, -0.8800, -159.5000, 0, 0, 0, 2, King_Raja_Kerrath
P -430.0000, 135.0000, -163.5000, 0, 0, 0, 2, Shroyer
P -447.0000, 160.0000, -163.5000, 0, 127, 0, 2, Cook_Yalkiin_(Baking)
P -447.0000, 144.0000, -163.5000, 0, 127, 0, 2, Cook_Mylis_(Baking)
P -509.0000, 121.0000, -101.8800, 0, 0, 0, 2, Elder_Veteran_Muhrak
P -461.0000, 170.0000, -102.0000, 0, 0, 0, 2, #Elder_Animist_Muada
P 543.0000, -200.0000, -236.1300, 0, 0, 0, 2, Gendalic
P -500.0000, 18.0000, -99.0000, 0, 0, 0, 2, Jharin_Apprentice_Ymina
P -500.0000, -18.0000, -99.0000, 0, 0, 0, 2, Jharin_Kiliik
P -379.0000, 227.0000, -79.8800, 0, 0, 0, 2, Nayantara_Tarana
P -457.0000, 35.0000, -100.5000, 0, 0, 0, 2, Seer_Jafik
P -444.0000, -40.0000, -100.5000, 0, 0, 0, 2, Spiritcaller_Gaarus
P -511.0000, -136.0000, -100.2500, 0, 0, 0, 2, Paruh_Milin
P -519.0000, -127.0000, -100.2500, 0, 0, 0, 2, Yhlia_Gazeehr
P -498.0000, -135.0000, -100.2500, 0, 0, 0, 2, Carih_Namij
P -491.0000, -125.0000, -100.3800, 0, 0, 0, 2, Jihli_Namij
P -506.0000, -122.0000, -98.1300, 0, 0, 0, 2, Maera_Kerrath
P -486.0000, 24.0000, -163.5000, 0, 0, 0, 2, Khala_Dun_Fareed
P -589.0000, 33.0000, -158.2500, 0, 0, 0, 2, Liorra_Sha_Kerrath
P -588.8800, -32.8800, -158.0000, 0, 0, 0, 2, Soroush_Koroun
P -505.0000, -36.0000, -163.5000, 0, 240, 0, 2, Minna_Helo_(Tribute_Master)
P -602.0000, -170.0000, -168.5000, 0, 0, 0, 2, Kalila_Talih
P -123.0000, -124.0000, -243.8800, 0, 0, 0, 2, Danala_Valith
P -132.2560, -144.5540, -251.9979, 0, 127, 0, 2, a_spell_research_merchant_(Research)
P -81.0000, -130.0000, -247.5000, 0, 127, 0, 2, Scribe_Gefna_(Beastlord_Spells)
P -81.0000, -140.0000, -247.5000, 0, 127, 0, 2, Scribe_Grawl_(Shaman_Spells)
P -81.0000, -150.0000, -247.5000, 0, 127, 0, 2, Scribe_Dav_(Shaman_Spells)
P -81.0000, -160.0000, -247.5000, 0, 127, 0, 2, Scribe_Shiara_(Shaman_Spells)
P -111.0000, -203.0000, -247.5000, 0, 127, 0, 2, Scribe_Mojir_(Shaman_Spells)
P -122.0000, -203.0000, -247.5000, 0, 127, 0, 2, Scribe_Lar_(Shaman_Spells)
P -133.0000, -203.0000, -247.5000, 0, 127, 0, 2, Scribe_Natji_(Shaman_Spells)
P -90.0000, -312.0000, -259.5000, 127, 127, 127, 2, Elder_Animist_Sahdi_(Beastlord_GM)
P -106.0000, -314.0000, -259.5000, 0, 0, 0, 2, Elder_Animist_Dumul
P -134.0000, -288.8800, -258.0000, 0, 0, 0, 2, Khati_Sha_Mylia
P -61.0000, -86.0000, -258.0000, 0, 0, 0, 2, Pashir_Vollemon
P -116.8800, -97.8800, -259.5000, 0, 0, 0, 2, Jaima_Seyel
P 325.0000, -234.0000, -247.5000, 0, 0, 0, 2, Elam_Arruk
P 276.0000, -152.0000, -247.5000, 0, 0, 0, 2, Poekie_Raraesh
P 639.0000, -32.0000, -211.5000, 0, 0, 0, 2, Alchemist_Kotahl
P 649.0000, 31.0000, -211.5000, 0, 0, 0, 2, Arms_Researcher_Saulgan
P 632.0000, 30.0000, -211.5000, 0, 0, 0, 2, Weapons_Master_Wygans
P 541.0000, 100.0000, -258.0000, 0, 0, 0, 2, Weapons_Master_Rahoul
P 683.0000, 104.0000, -187.5000, 0, 0, 0, 2, Animist_Mahron_Sood
P 399.9208, 267.6224, -191.9979, 0, 127, 0, 2, Val_(Alchemy)
P 394.0000, 249.0000, -187.5000, 0, 127, 0, 2, Mydi_Darjik_(Alchemy)
P 384.0715, 255.0665, -191.9979, 0, 127, 0, 2, Daima_Darjik_(Alchemy)
P 359.4306, 254.1665, -191.9979, 0, 127, 0, 2, Feroz_(Alchemy)
P 345.0000, 250.0000, -189.7100, 0, 127, 0, 2, Jaleh_(Alchemy)
P 352.7578, 263.4644, -191.9979, 0, 127, 0, 2, Nari_Darjik_(Alchemy)
P 367.0000, 272.0000, -187.5000, 0, 127, 0, 2, Spiritist_Ragnar_(Alchemy)
P 377.0000, 270.0000, -187.5000, 0, 127, 0, 2, Alchemist_Hikal_(General)
P 195.0000, 262.0000, -187.5000, 0, 0, 0, 2, Amgah_Siman
P 200.0000, 248.0000, -187.5000, 0, 127, 0, 2, Jakhal_(General)
P 215.0000, 248.0000, -187.5000, 0, 127, 0, 2, Kahala_(General)
P 171.0000, 192.0000, -187.5000, 0, 127, 0, 2, Brewer_Mikkis_(Brewing)
P 234.0000, 211.0000, -187.5000, 0, 127, 0, 2, Brewmaster_Hizier_(Brewing)
P 98.0000, 15.0000, -181.5000, 0, 0, 0, 2, Apprentice_Siason
P 98.0000, -15.0000, -181.5000, 0, 0, 0, 2, Apprentice_Omosh
P 182.0000, -254.0000, -189.0000, 0, 0, 0, 2, Kagazz
P 213.0000, -287.0000, -165.0000, 0, 0, 0, 2, Friaz_Ompir
P 215.0000, -192.0000, -165.0000, 0, 0, 0, 2, Armsman_Khaigesh
P 324.0000, -308.0000, -187.5000, 0, 127, 0, 2, Arrin_Murij_(Satchels)
P 306.6300, -308.2500, -187.5000, 0, 127, 0, 2, Brokh_(Baking)
P 280.0000, -308.0000, -187.5000, 0, 127, 0, 2, Salla_(Brewing)
P 257.0000, -308.0000, -187.5000, 0, 127, 0, 2, Merchant_Gamouz_(Baking)
P 374.1776, -237.1381, -169.4979, 0, 127, 0, 2, Sele_(Tailoring)
P 345.0000, -307.0000, -162.8800, 0, 0, 0, 2, Kery_Miann
P 298.8800, -463.8800, -187.5000, 0, 0, 0, 2, Khala_Dun_Maluki
P 311.0000, -488.0000, -187.5000, 0, 0, 0, 2, Khala_Dun_Jhiniam
P 25.0000, -371.0000, -187.5000, 0, 0, 0, 2, Khala_Dun_Alferi
P 20.0000, -358.0000, -187.5000, 0, 127, 0, 2, Jharia_Talmil_(General)
P 40.0000, -358.0000, -187.5000, 0, 127, 0, 2, Ulman_Talmil_(General)
P -140.0000, -460.0000, -189.0000, 0, 127, 0, 2, Pardak_(Armor)
P -231.0000, -418.0000, -187.5000, 0, 0, 0, 2, Dar_Khura_Aylin
P -255.0000, -461.0000, -187.5000, 0, 0, 0, 2, Khala_Dun_Gurish
P -275.0000, -444.0000, -183.0000, 0, 0, 0, 2, Lorekeeper_Ayriik
P -280.0000, -467.0000, -183.0000, 0, 0, 0, 2, Jharin_Hajka
P -46.0000, 255.0000, -187.5000, 0, 0, 0, 2, Dronqam_Runghi
P 319.0000, 478.0000, -189.0000, 0, 0, 0, 2, Hana_Sulm
P 211.0000, 448.0000, -189.0000, 0, 127, 127, 2, Khala_Dun_Erelk
P 199.0000, 448.0000, -189.0000, 0, 127, 127, 2, Animist_Simol
P 243.0000, 457.0000, -187.5000, 0, 0, 0, 2, Aljuum_Mohim
P 75.0000, 418.0000, -189.0000, 0, 0, 0, 2, Taruun_Guard_Imil
P 36.8316, 406.6804, -191.9979, 128, 0, 128, 2, Oven
P 49.0000, 400.0000, -187.5000, 0, 127, 0, 2, Mess_Cook_Azur_(General)
P 15.0000, 399.0000, -187.5000, 0, 127, 0, 2, Mess_Cook_Pyjik_(General)
P -16.0000, 417.0000, -189.0000, 0, 127, 127, 2, Taruun_Galorg
P -76.0000, 402.0000, -189.0000, 0, 0, 0, 2, Harbin_Gernawl
P -220.0000, 411.0000, -190.0000, 0, 0, 0, 2, Sergeant_Abaar
P -233.0000, 411.0000, -190.0000, 0, 0, 0, 2, Taruun_Jaur
P -226.0000, 465.0000, -187.5000, 0, 0, 0, 2, Taruun_Arek
P -237.0000, 472.0000, -187.5000, 0, 0, 0, 2, Taruun_Olmek
P -370.0000, 353.0000, -187.5000, 0, 0, 0, 2, Animist_Gazin
P -352.0000, 374.0000, -187.5000, 0, 0, 0, 2, Scout_Andur
P -361.0000, 341.0000, -183.0000, 0, 0, 0, 2, Jharin_Niejan
P -389.0000, 395.0000, -187.5000, 0, 127, 0, 2, Barkeep_Babagyn_(General)
P -378.0000, 403.0000, -163.5000, 0, 0, 0, 2, Dar_Khura_Jeruk
P -391.0000, 405.0000, -163.5000, 0, 0, 0, 2, Khati_Sha_Guraat
P -384.0000, 388.0000, -163.5000, 0, 0, 0, 2, Dar_Khura_Hylaar
P -503.2463, 363.2219, -193.4979, 0, 127, 0, 2, Eoin_(Poison)
P -504.6970, 334.3252, -193.4979, 0, 127, 0, 2, Blathnat_(Poison)
P 0.0000, 416.0000, -163.5000, 0, 0, 0, 2, Animist_Imotmeh
P -13.0000, 362.0000, -165.0000, 0, 0, 0, 2, Taruun_Arok
P 5.0000, -455.0000, -163.5000, 0, 0, 0, 2, Barracks_Guard_Myrik
P -258.0000, -382.0000, -189.0000, 0, 127, 0, 2, Garl_(Armor)
P -340.0000, -357.0000, -164.3800, 0, 0, 0, 2, Honor_Guard_Siiv
P -400.0000, -353.0000, -140.3800, 0, 0, 0, 2, Honor_Guard_Ishouz
P -441.0000, -383.0000, -139.6300, 0, 0, 0, 2, General_Avilah
P -230.0000, -478.0000, -141.0000, 0, 0, 0, 2, Noril_Galoon
P -817.0000, -94.0000, -191.5000, 0, 0, 0, 2, Taruun_Guardian_Maliij
P -778.0000, -63.0000, -187.5000, 0, 0, 0, 2, Instructor_Mussin
P -660.0000, -40.0000, -187.2500, 0, 0, 0, 2, Sergeant_Hujiid
P -659.0000, -5.0000, -187.5000, 0, 0, 0, 2, Captain_Arulk
P -711.0000, 9.0000, -187.5000, 0, 0, 0, 2, Firewatch_Ohmila
P -753.0000, 75.0000, -187.5000, 0, 0, 0, 2, Instructor_Anom
P -714.0000, -61.0000, -187.5000, 0, 0, 0, 2, Firewatch_Kigil
P -868.9728, -13.7403, -358.4760, 0, 0, 0, 2, Tailfang_(Roam)
P -12.0000, 1087.0000, -307.1300, 0, 0, 0, 2, Dar_Khura_Pyjek
P 673.0000, -163.0000, -235.5000, 0, 0, 0, 2, Guard_Jabbar

