P 1144.0000, 1773.0000, -24.2706, 255, 0, 0, 3, to_Grimling_Forest
P -1849.0000, 66.0000, -39.7489, 255, 0, 0, 3, to_Katta_Castellum
P -1810.0000, -55.0000, 0.0000, 255, 0, 0, 2, Succor
P -646.0000, -1454.0000, 0.0000, 255, 255, 255, 2, Coterie_outpost
P -1521.0000, -1361.0000, 0.0000, 255, 255, 255, 2, Coterie_outpost
P -853.0000, 1637.0000, 0.0000, 255, 255, 255, 2, Grimling_caves
P 1463.0000, 627.0000, 0.0000, 255, 255, 255, 2, Coterie_outpost
P 1126.0000, -345.0000, 0.0000, 255, 255, 255, 2, Vampyre_Fortress
P 366.0000, -1365.0000, 0.0000, 255, 255, 255, 2, Coterie_outpost
P -360.0000, 1783.0000, -2.6300, 0, 0, 0, 2, Felodius_Sworddancer
P 458.4843, 1580.3881, -12.5086, 0, 0, 0, 2, Hoober
P -1749.0000, -8.0000, -35.8800, 0, 0, 0, 2, #Johanius_Barleou
P 416.8000, -1454.3000, -22.4000, 0, 0, 0, 2, Veynar_Aeridia
P 410.5000, -1469.4000, -22.4000, 0, 0, 0, 2, Yaroslav_Verilak
P 1422.0000, 672.0000, -35.3800, 0, 0, 0, 2, Kristov_Otto
P 1532.0000, 688.0000, -36.7500, 0, 0, 0, 2, Tymoz
P 1245.0000, -571.0000, 338.5000, 0, 0, 0, 2, #Coterie_Corruptor
P 306.0000, -1381.0000, -22.3800, 0, 0, 0, 2, Krellices
P -670.0000, -1501.0000, -46.5000, 0, 0, 0, 2, #Galinious
P -562.0000, -1501.0000, -52.3800, 0, 0, 0, 2, #Drovalak
P -1580.0000, -1362.0000, -33.5000, 0, 0, 0, 2, #Bedlavar
P -1748.0000, -995.0000, 65.2500, 0, 0, 0, 2, Daksins
P -1777.8516, -79.4517, -38.2343, 0, 0, 0, 2, Courier_Balious
P -892.0000, 234.0000, 217.1200, 0, 0, 0, 2, #Disciple_of_Focus
P 1379.0000, -649.0000, 317.0000, 240, 127, 0, 2, Valanov_Zevfeer_(Raid)
P -320.6106, 1067.8395, -23.0596, 127, 64, 0, 2, a_cral_ligi_warlord_(Hunter,Roam)
P 1342.0000, -618.0000, 139.0000, 127, 64, 0, 2, Emissary_Oomgado_(Hunter)
P 1281.0000, -524.0000, 16.0000, 127, 64, 0, 2, Gorelaz_Verilak
P -478.8071, 1757.0789, -29.6707, 127, 64, 0, 2, a_grimling_foreman_(Hunter)
P -1116.0000, 406.0000, -24.0000, 127, 64, 0, 2, a_grol_baku_warlord_(Hunter)
P 93.1980, -1439.9887, 73.0491, 127, 64, 0, 2, a_meeda_hune_warlord_(Hunter,Roam)
P 1364.0000, -574.0000, 143.0000, 127, 64, 0, 2, Renaldok_Masric
P 124.2503, 386.4384, 166.5206, 127, 64, 0, 2, Skyshadow_(Hunter,Roam)
P 1373.2500, -620.5000, 316.2500, 127, 64, 0, 2, Trilexior_Aeridia
P 1224.0000, -644.9000, 14.6000, 127, 64, 0, 2, Xenithen_Sterbla
P 1387.6824, -627.9762, 312.6300, 127, 64, 0, 2, Heratius_Grolden_(Hunter)
