P -701.2354, -1410.3075, -199.7177, 255, 0, 0, 3, to_The_Temple_of_Veeshan
P 3878.4910, 5157.7100, -251.7490, 255, 0, 0, 3, to_Siren`s_Grotto
P -464.5043, 2869.1680, -200.4979, 255, 0, 0, 3, to_Dragon_Necropolis_(click_pedestal)
P 3499.0000, 4099.0000, 0.0000, 255, 0, 0, 2, Succor
P 3612.1106, -3335.6091, -182.0709, 240, 240, 240, 2, Suspicious_Remains
P -1881.8763, -4477.5010, -307.5894, 240, 240, 240, 2, Shipwrecked_Pirates
P -2307.0000, -889.0000, -21.8800, 0, 0, 0, 2, Scout_Pirri
P -1817.0000, -4454.0000, -312.3800, 0, 0, 0, 2, Chief_Engineer_Tocs
P -1881.8763, -4477.5010, -307.5894, 240, 240, 240, 2, Shipwrecked_Pirates
P 4710.0000, -2464.0000, 136.1300, 0, 0, 0, 2, The_Dragon_Sage
P 3900.0000, 4705.0000, 31.5000, 0, 0, 0, 2, #Scout_Charisa
P -1495.0000, 2705.0000, -142.0000, 240, 127, 0, 2, Amcilla_(Raid,Roam)
P 3578.0000, 1542.0000, -66.0000, 240, 127, 0, 2, Atpaev_(Raid,Roam)
P -1763.0000, 1060.0000, -148.0000, 240, 127, 0, 2, Bufa_(Raid,Roam)
P 2768.0000, 1050.0000, -213.0000, 240, 127, 0, 2, Crial_(Raid,Roam)
P 287.8800, -508.2500, -232.1200, 240, 127, 0, 2, Esorpa_of_the_Ring
P 2677.0000, 1764.0000, -126.0000, 240, 127, 0, 2, Gangel_(Raid,Roam)
P 4035.3400, -2154.7400, -11.0500, 240, 127, 0, 2, Harla_Dar
P 3157.0000, 1373.0000, -127.0000, 240, 127, 0, 2, Honvar_(Raid,Roam)
P -190.0000, -911.0000, -193.0000, 240, 127, 0, 2, Jerigozia_(Raid)
P 1032.0000, 1766.0000, -174.0000, 240, 127, 0, 2, Kar_Sapara_(Raid,Roam)
P 233.0000, 2775.0000, -280.6300, 240, 127, 0, 2, Klandicar
P 3305.0000, 754.0000, 125.0000, 240, 127, 0, 2, Makala_(Raid,Roam)
P 1173.0000, 99.0000, -229.0000, 240, 127, 0, 2, Mav_Sapara_(Raid,Roam)
P -1464.0000, 1455.0000, -116.0000, 240, 127, 0, 2, Myga_(Raid,Roam)
P -281.0000, -1461.0000, -181.0000, 240, 127, 0, 2, Neodla_(Raid,Roam)
P 72.1400, -2328.0700, -72.3400, 240, 127, 0, 2, #Nintal
P -1184.0000, 2199.0000, -152.0000, 240, 127, 0, 2, Onava_(Raid,Roam)
P -1269.0000, -68.0000, -149.0000, 240, 127, 0, 2, Rak_Sapara_(Raid,Roam)
P 3586.0000, -1106.0000, 205.0000, 240, 127, 0, 2, Sivar_(Raid,Roam)
P 3900.4744, -3064.7783, -182.1129, 240, 127, 0, 2, Tsiraka_(Raid)
P 4312.0000, 717.0000, 6.0000, 240, 127, 0, 2, Uiliak
P -389.0000, -840.0000, -196.0000, 240, 127, 0, 2, Veradenia_(Raid)
P 3985.0000, 1868.0000, 195.0000, 240, 127, 0, 2, Yal_(Raid,Roam)
P 2247.0000, -882.0000, -171.0000, 240, 127, 0, 2, Zil_Sapara_(Raid,Roam)
P -1135.0000, -1736.0000, -121.0000, 240, 127, 0, 2, Quoza_(Raid,Roam)
P 1088.0000, -798.0000, -180.7500, 240, 127, 0, 2, Ayillish
P -630.0000, -2405.0000, -52.3800, 240, 127, 0, 2, Bratavar
P 4379.6191, 3488.9753, 63.4996, 240, 127, 0, 2, Cargila_(Raid,Roam)
P -1666.7233, 1155.7120, -22.4314, 240, 127, 0, 2, Del_Sapra_(Raid,Roam)
P 489.0000, -870.0000, -181.3800, 240, 127, 0, 2, Derasinal
P -63.2334, -905.2979, -198.9382, 240, 127, 0, 2, Draazak_(Raid)
P -1201.0000, -370.0000, -199.5000, 240, 127, 0, 2, Entariz
P -977.0000, -4295.0000, -52.0000, 240, 127, 0, 2, Gafala
P -1466.0000, 1723.0000, -16.0100, 240, 127, 0, 2, Glati
P -2885.1675, -2354.6924, -70.8406, 240, 127, 0, 2, Hecheva_(Raid)
P -1573.0000, -261.0000, -183.2500, 240, 127, 0, 2, Ionat
P 155.0000, -4020.0000, -60.1300, 240, 127, 0, 2, Jen_Sapara
P -2153.0000, -26.0000, -183.8800, 240, 127, 0, 2, Karkona
P 1297.6700, 901.4800, -21.5300, 240, 127, 0, 2, Linbrak
P -1181.0000, -2033.0000, -49.7500, 240, 127, 0, 2, Mazi
P 73.0000, 1699.0000, 8.7500, 240, 127, 0, 2, #Mraaka
P 1423.0000, -3419.0000, -56.2500, 240, 127, 0, 2, Pantrilla
P -701.0000, -786.0000, -186.7500, 240, 127, 0, 2, Sontalak
P -1935.0000, -1466.0000, -49.0000, 240, 127, 0, 2, Vitaela
P 2488.0000, -790.0000, -11.6200, 240, 127, 0, 2, #Vohnkare
P 2601.2700, -1138.1300, -22.8100, 240, 127, 0, 2, #Von
P 3102.0000, -4119.0000, -54.7500, 240, 127, 0, 2, Vraptin
P -2930.0000, -1116.0000, -56.0000, 240, 127, 0, 2, Yeldema
P 2928.0000, 4063.0000, -74.7500, 0, 0, 0, 2, Julius_Oresko
P 2931.0000, 4035.0000, -76.0000, 0, 0, 0, 2, Grenth_Drakebane
P 1912.0000, 3828.0000, -60.5000, 0, 0, 0, 2, Rontar_O`Karn
P 1893.0000, 3840.0000, -62.1300, 0, 0, 0, 2, Sadeem_Oujva
P -1817.6915, -4458.5713, -311.9826, 0, 0, 0, 2, Chief_Engineer_Tocs
P 2305.4543, 3205.7949, -30.0120, 0, 0, 0, 2, Sir_Elmonious_Falmont
P 4712.0483, -2454.2952, 135.6507, 0, 0, 0, 2, The_Dragon_Sage
P 3901.0583, 4694.3442, 29.5129, 0, 0, 0, 2, Scout_Charisa
P 553.9152, 1910.3752, -29.3635, 127, 64, 0, 2, Icehackel_(Hunter,Roam)
P 4552.4600, 1570.4030, -22.4408, 127, 64, 0, 2, Icehackel_(Hunter,Roam)
P 160.8182, -2521.6570, -72.3954, 127, 64, 0, 2, Tantor_(Hunter,Roam,HS)
P -1694.3701, 1100.7029, -30.1958, 127, 64, 0, 2, Strong_Horn_(Hunter,Roam,HS)