P -2355.0075, -1956.8612, 17.9621, 255, 0, 0, 3, to_The_Twilight_Sea
P 1005.5858, 2094.9916, -311.9989, 255, 0, 0, 3, to_Echo_Caverns
P 1005.0000, 2140.0000, 0.0000, 255, 0, 0, 2, Succor
P -1277.4140, -1135.3972, -482.9977, 0, 0, 240, 1, GS:_Cryptic_Page
P 889.5038, 1273.0573, -288.0374, 255, 255, 255, 2, Shadow_Haven_Outpost
P -462.0000, -32.0000, 0.0000, 255, 255, 255, 2, Bandit_Camp
P 45.0000, -646.0000, 0.0000, 255, 255, 255, 2, Mushroom_Huts
P 238.0000, -456.0000, 0.0000, 255, 255, 255, 2, Bandit_Camp
P 206.0000, -354.0000, 0.0000, 255, 255, 255, 2, Bandit_Camp
P 424.0000, -373.0000, 0.0000, 255, 255, 255, 2, Tarmok_Village
P 613.0000, 169.0000, 0.0000, 255, 255, 255, 2, Tarmok_Huts
P 451.0000, -234.0000, 0.0000, 255, 255, 255, 2, Tarmok_Huts
P -463.0000, -276.0000, 0.0000, 255, 255, 255, 2, Bandit_Camp
P -2159.0000, -1905.0000, 2.2500, 255, 255, 255, 2, Scout_Halmia
P -525.0000, -654.0000, -218.0000, 255, 255, 255, 2, Lupot_Nukla
P 482.0000, -501.0000, -260.3800, 0, 128, 128, 2, #Caller_Murkin
P 464.0000, -509.0000, -258.8800, 0, 128, 128, 2, #Caller_Groo
P 451.0000, -496.0000, -260.7500, 0, 128, 128, 2, #Caller_Torgal
P 576.0000, 1166.0000, -276.5000, 0, 128, 128, 2, Ebben_Quickblade
P 637.0000, 1251.0000, -280.0000, 0, 128, 128, 2, Rolktim_Cogtop
P 559.9524, 1221.3809, -279.5846, 0, 128, 128, 2, Driggles_Sparkwaddle_(Quest)
P 602.0000, 1008.0000, -278.1300, 255, 210, 0, 2, Narvak_Smugreed
P 646.0000, 192.0000, -260.1300, 0, 128, 0, 2, Trader_Snugrut_(Merchant)
P 472.0000, 953.0000, -284.7500, 0, 128, 0, 2, Thom_the_Fish_(Merchant)
P 538.0000, 1192.0000, -273.3800, 0, 128, 0, 2, Jolly_Arval_(Bar)
P 993.0000, 1213.0000, -281.9989, 0, 128, 0, 2, Cen_(Merchant)
P 927.0000, 1662.0000, -284.1300, 0, 128, 0, 2, Samfort_Ruggen_(Merchant)
P 988.0000, 1479.0000, -277.3800, 0, 128, 0, 2, Jasan_Fiar_(Weapons)
P 956.0000, 1507.0000, -277.3800, 0, 128, 0, 2, Esti_Elvenblood_(Merchant)
P 847.0000, 1317.0000, -272.1300, 0, 128, 0, 2, Thar_Anton_(Merchant)
P 795.0000, 1451.0000, -279.0000, 0, 128, 0, 2, Rebecca_Cabbageleaf_(Merchant)
P 781.0000, 1420.0000, -277.3800, 128, 128, 128, 2, Rictor_Asmot
P 1104.3205, -1033.1416, -382.4498, 177, 115, 0, 2, Chakiza_(Hunter)
P 1096.0395, -1031.5675, -383.7012, 177, 115, 0, 2, Chakno_(Hunter)
P 1151.1979, -214.2673, -379.9141, 177, 115, 0, 2, Katcha_(Hunter)
P -719.0000, -788.0000, -222.0000, 177, 115, 0, 2, Shuddering_Fungus_(Hunter)
P -622.9674, -731.6814, -261.6635, 177, 115, 0, 2, Shuddering_Fungus_(Hunter)
P -680.3688, -660.0846, -255.4184, 177, 115, 0, 2, Shuddering_Fungus_(Hunter)
P -614.5117, -797.0082, -262.4631, 177, 115, 0, 2, Shuddering_Fungus_(Hunter)
P 1156.0917, -160.0558, -383.6636, 177, 115, 0, 2, Takacha_(Hunter)
P 1543.1599, -591.6873, -382.4479, 177, 115, 0, 2, Tiako_(Hunter)
P 1574.9636, -589.8154, -382.7185, 177, 115, 0, 2, Tuchako_(Hunter)
P -1361.2720, -2264.8122, -311.9971, 255, 255, 255, 2, Shik`nar_Den
P -867.9584, -323.4995, -273.1315, 255, 255, 255, 2, Glowater_Pond
