P 4879.4555, 1808.5507, 304.3418, 255, 0, 0, 3, to_Eastern_Wastes
P 122.0586, -49.0156, 97.3100, 255, 0, 0, 3, to_The_City_of_Thurgadin
P 1813.1270, -15.3388, 390.4836, 255, 0, 0, 3, to_The_Plane_of_Knowledge_(Click_Book)
P -3329.8947, 6761.4809, -39.3739, 255, 0, 0, 3, to_Velketor`s_Labyrinth
P -2080.2553, 1641.7779, 127.3496, 255, 0, 0, 2, from_Icewell_Keep
P 202.6598, 8261.7343, -958.4932, 255, 0, 0, 3, to_The_Plane_of_Mischief
P 965.0000, 7720.0000, 0.0000, 255, 0, 0, 2, Succor
P -3653.3942, 3819.0141, -245.5926, 255, 255, 255, 2, Dragon_Circle
P 2706.7636, 1885.8831, -48.2714, 255, 255, 255, 2, Great_Divide_Spire
P -3716.0000, 3720.0000, 0.0000, 255, 255, 255, 2, Teleport
P 3510.0000, 4899.0000, -513.2500, 255, 255, 255, 2, Relik
P 3504.0000, 5079.0000, -513.2500, 255, 255, 255, 2, Korf_Brokenhammer
P 3408.1569, 6139.1269, -338.8524, 255, 255, 255, 2, Coldain_Mine
P 563.0000, 3918.0000, 796.1300, 255, 255, 255, 2, gnomish_deserter
P -2696.8681, 6771.8227, -230.0575, 255, 255, 255, 2, Kodiak_Cave
P 88.3500, 2397.7500, -80.9700, 240, 127, 0, 2, #Narandi_the_Wretched
P -792.0000, 4913.0000, -187.7500, 240, 127, 0, 2, Taskmaster_Abyott
P 399.0464, 1507.1652, 170.0746, 177, 115, 0, 2, Coldain_War_Wolf_(Hunter,Roam)
P 3352.0021, 1311.9711, 302.8966, 177, 115, 0, 2, Drakkel_Blood_Wolf_(Hunter,Roam)
P 1676.3240, 543.4232, 69.8582, 177, 115, 0, 2, Drakkel_Blood_Wolf_(Hunter,Roam)
P 1511.7443, 3185.3637, -5.5517, 177, 115, 0, 2, Gorul_Longshanks_(Hunter,Roam)
P -3075.6564, 6868.6142, -231.7166, 177, 115, 0, 2, Icetooth_(Hunter)
P -2990.1354, 6409.8266, -230.0826, 177, 115, 0, 2, Icetooth_(Hunter)
P -3276.6342, 6277.4765, -107.6950, 177, 115, 0, 2, Icetooth_(Hunter)
P 204.0260, 2939.5280, -155.0360, 177, 115, 0, 2, Shardtooth_(Hunter,Roam)
P 912.9812, 3663.5585, -222.5500, 177, 115, 0, 2, Shardtooth_(Hunter,Roam)
P -3748.5434, 2439.2326, 115.7455, 177, 115, 0, 2, Yaka_Razorhoof_(Hunter)
P -4171.6254, 1848.7027, 115.7600, 177, 115, 0, 2, Yaka_Razorhoof_(Hunter)
P -2166.7763, 1578.5225, 114.2206, 177, 115, 0, 2, Yaka_Razorhoof_(Hunter)
P -2188.3278, 1735.6448, 115.7686, 177, 115, 0, 2, Yaka_Razorhoof_(Hunter)
P 715.3563, 5019.4794, -405.9352, 0, 0, 240, 1, GS:_Bent_Metallic_Crystal
P 2035.8089, 1992.4583, -42.5066, 255, 255, 255, 2, Dain3-CallAttack
P 1874.7183, 1645.9490, 156.7749, 255, 255, 255, 2, Dain3-ScoutSpot
P 372.3190, 2388.7663, -93.8005, 255, 255, 255, 2, Dain3-ClericCamp
P 370.0681, 2322.4113, -86.8103, 255, 255, 255, 2, Dain3-WarriorCamp
P -3202.0000, 5940.0000, -102.8800, 255, 255, 255, 2, Bloodmaw
P -513.0000, 6908.0000, -675.3800, 255, 255, 255, 2, Vores_the_Hunter
P 489.0000, 6115.0000, -558.1200, 255, 255, 255, 2, Gavon_Morant
P 1298.0000, 3939.0000, -198.8800, 255, 255, 255, 2, Kardakor
P 2590.0000, 2922.0000, 291.0000, 255, 255, 255, 2, Fergul_Frostsky
P 2633.0000, 2924.0000, 291.0000, 255, 255, 255, 2, Gralk_Dwarfkiller
P 2776.0000, 3011.0000, 255.5000, 255, 255, 255, 2, Bekerak_Coldbones
P 176.0000, 1093.0000, 22.3800, 255, 255, 255, 2, Captain_Stonefist
P 110.3776, 34.9130, 91.6848, 240, 240, 0, 2, Fake_Wall
P 1842.8461, 5117.4990, -221.0457, 255, 255, 255, 2, Gorul_Longshanks_(Roam)
P 2277.9892, 7016.1274, -283.4500, 255, 255, 255, 2, Blizzent_(Roam)
P -11.9930, 1857.1346, -46.1753, 255, 255, 255, 2, Daggerflow_River
P 2508.7121, 2761.7946, 271.8507, 255, 255, 255, 2, Kromrif_Fortress
P 240.9920, 4234.9487, -290.6468, 255, 255, 255, 2, Shardwurm_Caves
