P 3580.4628, 2072.4860, -98.1551, 255, 0, 0, 3, to_Shar_Vahl
P 464.5424, -2398.2995, -385.0926, 255, 0, 0, 3, to_Paludal_Caverns
P 2427.0000, 3008.0000, 0.0000, 255, 0, 0, 3, to_The_Plane_of_Knowledge_(Click_Book)
P 3581.6557, 2144.1098, -96.6231, 255, 0, 0, 2, Succor
P -955.5778, 2694.7404, -437.7453, 128, 0, 128, 2, Brew_Barrel
P -1041.3726, 2604.4079, -438.1272, 128, 0, 128, 2, Forge
P 2225.5446, -459.0812, -205.0233, 0, 0, 240, 1, GS:_Stinking_Pile_of_Refuse
P -2143.0000, 1709.0000, 0.0000, 255, 255, 255, 2, Loda_Kai_Embasy
P -985.0000, -950.0000, 0.0000, 255, 255, 255, 2, Corpse_Camp
P -1796.0000, -1193.0000, -274.0000, 255, 255, 255, 2, Soldier_camp
P -1461.0000, 1006.0000, -232.0000, 255, 255, 255, 2, Guardian_Camp
P 1014.0000, 2195.0000, -180.0000, 255, 255, 255, 2, Gor/Shak_Camp
P 790.0000, 827.0000, 0.0000, 255, 255, 255, 2, Brigand_Camp
P 2720.8800, 2533.0000, -202.1300, 128, 128, 128, 2, Captain_Karim
P 2866.0000, 2400.0000, -213.6300, 128, 128, 128, 2, Captain_Alim
P 2694.3800, 2258.5000, -213.6300, 128, 128, 128, 2, Captain_Tarief
P 2685.7500, 1588.1200, -213.6200, 128, 128, 128, 2, Hymnist_Omiyad
P 2805.0000, 1449.0000, -218.3800, 0, 128, 0, 2, Tiamon_Aroo_(Tailor)
P 2795.0000, 1417.0000, -218.3800, 0, 128, 0, 2, Saren_Kaja_(Baking)
P 2804.8800, 1636.8800, -213.6300, 128, 128, 128, 2, Spiritist_Karina
P 2902.0000, 1695.0000, -210.7500, 255, 210, 0, 2, Banker_Karra_Kai
P 2973.8800, 1892.8800, -192.5000, 128, 128, 128, 2, Captain_Koldar
P -947.1315, 2684.9489, -437.7188, 0, 127, 0, 2, a_Gor_Taku_barkeep_(Bar)
P -1004.1276, 2590.2016, -440.3245, 0, 127, 0, 2, a_Gor_Taku_blacksmith_(Smithing)
P 2948.8800, 2058.8800, -201.1300, 255, 255, 255, 1, Kaza_Raj
P -868.0727, 2550.8969, -446.6882, 255, 255, 255, 2, Warlord_Shik_Thras
P -368.0000, 611.0000, -427.8800, 255, 255, 255, 2, #Wunshi_Kashra
P 2299.8800, 2009.8800, -224.7500, 255, 255, 255, 2, Sentry_Kedra_Kai
P 2574.0000, 418.0000, -254.8800, 255, 255, 255, 2, Elefan
P 2860.0000, 2585.8800, -205.6300, 255, 255, 255, 2, Kojinn_Kaa
P 2990.0000, 2595.0000, -175.0000, 255, 255, 255, 2, Priestess_Bast
P 2897.0000, 2217.8800, -208.3800, 255, 255, 255, 2, Groo_McManus
P 701.0000, 823.0000, -217.5000, 255, 255, 255, 2, Garneer_Stubb
P 2282.0000, 2723.0000, -246.6200, 255, 255, 255, 2, Fellmoor_Powell
P 2447.0000, 218.0000, -230.6200, 255, 255, 255, 2, Sidigar_Vorago
P 2741.0000, 2823.0000, -207.8800, 255, 255, 255, 2, Tessmina_Boerak
P 1388.8687, -2225.9794, -387.9780, 177, 115, 0, 2, Seetheker_(Hunter)
P 2162.2316, 2463.2521, -238.0030, 177, 115, 0, 2, a_blood_drenched_hopling_(Hunter,Roam)
P 1419.5906, -2222.9599, -388.6589, 177, 115, 0, 2, Seetheker_(Hunter)
P 2635.4628, 2161.2548, -218.0916, 255, 255, 255, 2, Outpost
P 143.7371, 579.4783, 8.1164, 255, 255, 255, 2, Drakefire_Mountains
