P 236.5179, -1420.0499, 56.0009, 255, 0, 0, 3, to_Dawnshroud_Peaks
P -379.6379, -1152.6759, 56.0009, 255, 0, 0, 3, to_Marus_Seru
P 232.0000, -1166.0000, 0.0000, 255, 0, 0, 2, Succor
P 83.0000, 582.0000, 190.0000, 255, 255, 0, 2, Port_from_Maze
P 232.0000, 284.0000, 190.0000, 255, 255, 0, 2, port_out
P 232.0000, 579.0000, 92.0000, 255, 255, 0, 2, port_stone_to_maze
P 377.0000, 284.0000, 127.0000, 255, 255, 0, 2, port_in
P 84.8346, 580.5060, 127.0018, 255, 255, 0, 2, Port_to_Seru`s_Room
P 290.9218, 504.9958, 90.0019, 255, 255, 0, 2, Fake_Wall
P -330.3764, -808.5078, 56.0009, 128, 0, 128, 2, Brew_Barrel
P 917.0139, 680.3979, 56.0009, 128, 0, 128, 2, Kiln
P -544.8546, 985.7132, 56.1244, 128, 0, 128, 2, Forge
P -546.3909, -136.5000, 56.1250, 128, 0, 128, 2, Forge
P 797.0344, -804.2620, 56.0009, 128, 0, 128, 2, Brew_Barrel
P 990.6936, 664.7987, 56.0009, 128, 0, 128, 2, Pottery_Wheel
P -995.9669, 666.5789, 56.0009, 128, 0, 128, 2, Brew_Barrel
P -129.5619, -304.4209, 56.0009, 128, 0, 128, 2, Oven
P 1475.8588, 665.7169, 56.0009, 128, 0, 128, 2, Brew_Barrel
P -1017.0000, -91.8800, 58.1900, 255, 210, 0, 2, Adren_Tholos
P 1480.0000, -94.0000, 58.1900, 255, 210, 0, 2, Falak_Tholos
P -1026.0000, 118.0000, 57.8800, 0, 128, 0, 2, Melda_Goldsmith_(Smithing)
P -1026.0000, 50.0000, 58.1900, 0, 128, 0, 2, Gaston_Facetmaker_(Merchant)
P -1029.0000, -10.0000, 58.1900, 0, 128, 0, 2, Wulan_Goldsmith_(Smithing)
P -1042.0098, 823.5925, 56.0009, 0, 128, 0, 2, Brewing_Merchants
P 1486.8157, 822.5517, 56.0009, 0, 128, 0, 2, Brewing_Merchants
P 1488.0000, 113.0000, 56.0009, 0, 128, 0, 2, Mal_(Merchant)
P 1490.0000, 18.0000, 58.1900, 0, 128, 0, 2, Laltar_Valka_(Merchant)
P -150.0000, -285.0000, 59.7500, 0, 128, 0, 2, Pawil_Ocirak_(Baking)
P -186.1629, -836.7559, 56.0009, 0, 128, 0, 2, Brewing_Merchants
P -189.0000, -281.0000, 59.7500, 0, 128, 0, 2, Taldris_Copio_(Merchant)
P 941.0689, -82.8739, 56.0009, 0, 128, 0, 2, Smithing_Merchants
P 944.0000, 21.0000, 58.1900, 0, 128, 0, 2, Nyrick_Exorno_(Merchant)
P 945.3279, 737.9449, 56.0009, 0, 128, 0, 2, Pottery_Merchants
P 946.9500, 134.0000, 58.1900, 0, 128, 0, 2, Laren_Goldthimble_(Tailor)
P 947.0000, 828.0000, 58.1900, 0, 128, 0, 2, Qearin_Softbark_(Merchant)
P 946.9500, 936.0000, 58.1900, 0, 128, 0, 2, Asotha_Balais_(Jewelcrafting)
P -218.0000, 766.0000, 119.0009, 0, 128, 0, 2, Adelia_(Spells)
P -276.0000, -283.0000, 59.7500, 0, 128, 0, 2, Fraeg_Coldblade_(Smithing)
P -332.0000, 734.0000, 87.7500, 0, 128, 0, 2, Agrur_Halden_(Spells)
P -476.5609, 912.2159, 56.0009, 0, 128, 0, 2, Smithing_Merchants
P -482.0000, 124.0000, 58.1900, 0, 128, 0, 2, Fareye_Yewback_(Fletching)
P -482.0000, 749.0000, 58.1900, 0, 128, 0, 2, Luki_Khara_(Merchant)
P -483.0000, 8.0000, 58.1900, 0, 128, 0, 2, Cobaen_Venum_(Merchant)
P -484.8836, -80.8570, 56.0009, 0, 128, 0, 2, Smithing_Merchants
P -485.0000, 719.0000, 58.1900, 0, 128, 0, 2, Tala_Praebo_(Merchant)
P -485.0000, 806.0000, 58.1900, 0, 128, 0, 2, Vassa_Nar_(Merchant)
P 534.0000, -283.0000, 58.1900, 0, 128, 0, 2, Milner_McHazlo_(Baking)
P 535.0000, 995.0000, 87.7500, 0, 128, 0, 2, Adelia_Jolanta_(Spells)
P 574.0000, 725.0000, 87.7500, 0, 128, 0, 2, Glendra_Torin_(Spells)
P -59.0000, -282.0000, 58.5000, 0, 128, 0, 2, Faber_Rugon_(Smithing)
P 640.5789, -835.8233, 56.0019, 255, 255, 255, 2, Brewing_Merchants
P -61.0000, 71.0000, 87.7500, 0, 128, 0, 2, Vrogar_Umerus_(Spells)
P 646.0000, -279.0000, 58.1900, 0, 128, 0, 2, Falwin_Sugero_(Merchant)
P -70.0000, -132.0000, 87.7500, 0, 128, 0, 2, Diendra_Berit_(Spells)
P 746.0000, -283.0000, 58.1900, 0, 128, 0, 2, Boloth_Daeron_(Smithing)
P 798.0000, 131.0000, 87.7500, 0, 128, 0, 2, Grelan_Mandek_(Spells)
P -109.0000, 958.0000, 85.8800, 128, 128, 128, 2, Cornicularius_Wassein
P -88.0000, 758.0000, 123.3800, 128, 128, 128, 2, Praetor_Falak
P 808.0000, 69.0000, 122.3800, 128, 128, 128, 2, Quaestorius_Martolin
P -151.8800, 63.8800, 121.1200, 128, 128, 128, 2, Pecuniosus_Kezzlek
P 669.0000, 94.0000, 122.7500, 128, 128, 128, 2, Scelestus_Venator_Taol
P 670.8800, -3.5000, 59.7500, 128, 128, 128, 2, Percontorius_Salnu
P -218.0000, 766.0000, 122.7500, 128, 128, 128, 2, Stoic_Aealin
P -69.0000, 922.0000, 59.3800, 128, 128, 128, 2, Vigilum_Naillo
P 792.0000, 733.0000, 85.8800, 128, 128, 128, 2, Adipiscorus_Glipo
P -278.0000, 750.0000, 58.5000, 128, 128, 128, 2, Pius_Truthtaker
P -64.0000, -118.0000, 121.1200, 128, 128, 128, 2, Caravan_Master_Goshul
P 536.0000, 63.0000, 121.1200, 128, 128, 128, 2, Redeemer_Balakaz
P 538.0000, 698.0000, 99.7500, 128, 128, 128, 2, Scriptor_Ducis_Yusi
P 542.0000, 881.0000, 122.3800, 128, 128, 128, 2, Custos_Valar
P 592.0000, 726.0000, 87.7500, 128, 128, 128, 2, Legatarius_Banael
P 555.0000, 1005.0000, 122.7500, 128, 128, 128, 2, Veratas_Gastir
P -285.0000, 818.0000, 87.7500, 128, 128, 128, 2, Decurion_Ralla
P -358.0000, 702.0000, 99.3800, 128, 128, 128, 2, Cohortis_Emon
P 522.0000, 138.0000, 87.7500, 128, 128, 128, 2, Oraculum_Yalkin
P 698.0000, -83.0000, 56.0009, 128, 128, 128, 2, Yka_(GM_Rogue)
P 330.5462, -1013.9234, 62.0018, 240, 240, 0, 2, Teleport_to_Second_Level
P 133.0460, -1016.0153, 62.0018, 240, 240, 0, 2, Teleport_to_Second_Level
P 13.0295, -1013.8272, 223.0018, 240, 240, 0, 2, Teleport_to_First_Level
P 444.1800, -1017.4875, 223.0018, 240, 240, 0, 2, Teleport_to_First_Level
P -178.6238, 134.2006, 119.0018, 240, 240, 0, 2, Teleport_Up
P -281.1922, 140.3114, 154.0018, 240, 240, 0, 2, Teleporter_Down
P -65.0000, 22.0000, 119.0029, 240, 240, 0, 2, Teleporter_Up
P -58.9732, -81.1020, 154.0018, 240, 240, 0, 2, Teleporter_Down
P 521.1914, 21.0370, 119.0019, 240, 240, 0, 2, Teleporter_Up
P 518.7484, -80.4380, 154.0018, 240, 240, 0, 2, Teleporter_Down
P 742.9821, 146.8529, 154.0018, 240, 240, 0, 2, Teleporter_Down
P 643.1469, 144.7534, 119.0019, 240, 240, 0, 2, Teleporter_Up
P 661.8491, 193.8584, 56.0019, 255, 255, 255, 2, Eye_of_Seru_Building
P 662.8361, 663.1206, 56.0019, 255, 255, 255, 2, Heart_of_Seru_Buidling
P -200.9230, 660.1560, 56.0019, 255, 255, 255, 2, Hand_of_Seru_Building
P -199.9366, 195.5870, 56.0019, 255, 255, 255, 2, Shoulder_of_Seru_Building
P 231.4786, 228.2109, 56.0019, 255, 255, 255, 2, Stronghold_of_Seru
P 643.9334, 719.2124, 119.0019, 240, 240, 0, 2, Teleport_Up
P 746.5941, 717.0879, 154.0018, 240, 240, 0, 2, Teleport_Down
P 517.9846, 945.9651, 154.0018, 240, 240, 0, 2, Teleporter_Down
P -178.5439, 719.7594, 119.0019, 240, 240, 0, 2, Teleporter_Up
P -281.3307, 718.5111, 154.0018, 240, 240, 0, 2, Teleporter_Down
P -53.0589, 945.7394, 154.0018, 240, 240, 0, 2, Teleport_Down
P -54.9824, 841.2145, 119.0019, 240, 240, 0, 2, Teleport_Up
P 519.0204, 840.6587, 119.0019, 240, 240, 0, 2, Teleport_Up
P 519.0000, 988.0000, 59.7500, 0, 127, 127, 2, Torsten_Reidan
P 592.0000, -824.0000, 58.1900, 0, 127, 0, 2, Vantak_Mere_(Brewing)
P -272.0000, 146.0000, 87.7500, 0, 127, 127, 2, Euzan_Jurek
P 803.1881, 795.1082, 119.0019, 255, 255, 255, 2, A_File_Cabinet
P -332.0000, 787.0000, 157.7500, 255, 255, 255, 2, Jylian_Frostshade
P -155.7606, 1008.5140, 154.0018, 255, 255, 255, 2, Centurion_Zalpha
P -300.3425, 94.5253, 154.0018, 255, 255, 255, 2, Centurion_Giff
P 229.9952, 262.9378, 56.0019, 240, 240, 0, 2, Locked_Door_(Arx_Key,Unpickable)
P 687.0000, 133.0000, 87.7500, 255, 255, 255, 2, Percontorius_Ontu
P 796.0000, 142.0000, 157.7500, 255, 255, 255, 2, Aderyn_Goldleaf
P 553.0000, -142.0000, 157.8800, 255, 255, 255, 2, Zabaltin_Draux
P -279.0000, 116.0000, 59.7500, 255, 255, 255, 2, Brendar_Mynden
P -64.2827, -123.5936, 56.0019, 255, 255, 255, 2, Praetorian_Oritan
P 231.4600, 432.9400, 202.3800, 240, 127, 0, 2, #Lord_Inquisitor_Seru_
P 697.0000, -1.0000, 158.3800, 240, 127, 0, 2, #Praesertum_Rhugol
P -206.0000, 869.0000, 157.7500, 240, 127, 0, 2, #Praesertum_Vantorus
P -240.0000, 1.0000, 158.3800, 240, 127, 0, 2, #Praesertum_Bikun
P 674.0000, 842.0000, 155.8800, 240, 127, 0, 2, #Praesertum_Matpa
P 240.7902, 1507.1108, -71.9979, 255, 255, 255, 2, Arena
