P -1414.5126, 1189.3322, -159.9353, 255, 0, 0, 3, to_The_Western_Wastes
P 1859.0521, -1212.6807, 179.9394, 255, 0, 0, 3, to_The_Western_Wastes
P 1697.7176, 600.6411, -19.9979, 255, 0, 0, 3, to_The_Western_Wastes
P 705.5561, -1275.1671, 126.4196, 255, 0, 0, 3, to_The_Plane_of_Mischief_(click)
P 499.0000, 2086.0000, 0.0000, 255, 0, 0, 2, Succor
P 142.5028, 1130.7749, -15.9979, 240, 240, 0, 2, One-Way_Fall_to_West
P 957.5294, 1040.8426, -15.9979, 240, 240, 0, 2, One-Way_Fall_to_East
P 956.3556, 1117.7919, -15.9979, 240, 240, 0, 2, One-Way_Fall_to_East
P 1679.0690, 1001.5537, -19.9979, 240, 240, 0, 2, One-Way_South
P 1556.6958, 779.3871, -19.9979, 240, 240, 0, 2, One-Way_West
P 740.0000, -941.0000, 123.6300, 255, 255, 255, 2, #Thylex_of_Veeshan
P 124.0000, -738.0000, 70.0000, 255, 255, 255, 2, #Lord_Koi`Doken
P 782.0000, -208.0000, 98.6300, 255, 255, 255, 2, #Aaryonar
P 1333.0000, -1799.0000, 179.8800, 255, 255, 255, 2, #Zlexak
P 1700.0000, -197.0000, 79.8800, 255, 255, 255, 2, #Lord_Kreizenn
P 499.0000, 970.0000, 6.2500, 255, 255, 255, 2, Arreken_Skyward
P 1439.0000, 1322.0000, -13.0000, 240, 127, 0, 2, #Casalen
P 1260.0000, -1947.0000, 179.8800, 240, 127, 0, 2, #Cekenar
P 1363.0000, -218.0000, 134.2500, 240, 127, 0, 2, Dagarn_the_Destroyer
P 1281.0000, 1080.0000, -15.5000, 240, 127, 0, 2, #Dozekar_the_Cursed
P 467.0000, 389.0000, 11.2500, 240, 127, 0, 2, #Eashen_of_the_Sky
P 1079.0000, 1339.0000, -13.0000, 240, 127, 0, 2, #Essedera
P 210.0000, 691.0000, 0.0000, 240, 127, 0, 2, #Gozzrem
P 1599.0000, 1340.0000, -13.0000, 240, 127, 0, 2, #Grozzmel
P 745.0000, 573.0000, 9.3800, 240, 127, 0, 2, #Ikatiar_the_Venom
P 1761.0000, -1604.0000, 189.8800, 240, 127, 0, 2, #Jorlleag
P 1679.0000, 1038.0000, -13.0000, 240, 127, 0, 2, #Krigara
P 150.0000, -974.0000, 130.0000, 240, 127, 0, 2, #Lady_Mirenilla
P 1644.0000, -1622.0000, 189.8800, 240, 127, 0, 2, #Lady_Nevederia
P -1135.0000, 1070.0000, -119.8800, 240, 127, 0, 2, #Lendiniara_the_Keeper
P 1419.0000, 1120.0000, -13.0000, 240, 127, 0, 2, #Lepethida
P 1267.0000, 50.0000, 89.8800, 240, 127, 0, 2, #Lord_Feshlak
P 59.0000, 269.0000, 38.7500, 240, 127, 0, 2, #Lord_Vyemm
P 1699.0000, 659.0000, -13.0000, 240, 127, 0, 2, #Midayor
P 1258.0000, -1652.0000, 179.8800, 240, 127, 0, 2, #Sevalak
P 1420.0000, 1039.0000, -13.0000, 240, 127, 0, 2, #Tavekalem
P 195.0000, 1350.0000, 0.0000, 240, 127, 0, 2, #Telkorenar
P 742.1180, -519.4058, 117.9394, 240, 127, 0, 2, Vulak`Aerr_(Raid)
P 1903.0000, 1039.0000, -13.0000, 240, 127, 0, 2, #Ymmeln
P 265.4725, 1080.3647, 0.0019, 255, 255, 255, 2, Hall_of_Relics
P 734.3448, 1078.4576, 0.0019, 255, 255, 255, 2, Halls_of_Testing
P 623.3681, 611.2091, 10.0019, 255, 255, 255, 2, Vault_of_Worship
P 735.7352, -589.1549, 119.9394, 255, 255, 255, 2, Council_Chambers
