P -52.0000, -31.0000, -6.9989, 255, 0, 0, 3, to_Qeynos_Hills
P 15962.0000, -615.0000, -3.9364, 255, 0, 0, 3, to_The_Northern_Plains_of_Karana
P 1005.0467, -37.8640, -6.9979, 255, 0, 0, 3, to_Ethernere_Tainted_West_Karana
P 531.0000, -15.0000, -6.9969, 255, 0, 0, 2, Succor
P 5396.3169, 360.1857, -10.6985, 255, 255, 255, 2, Farm
P 6501.3433, -367.3080, 173.9163, 255, 255, 255, 2, Bandit_Camp
P 11582.7920, -880.4150, 10.6239, 255, 255, 255, 2, Bandit_Camp
P 14754.9209, 2079.2712, -3.9354, 255, 255, 255, 2, Farm
P 14817.5381, 3521.0667, -3.9354, 255, 0, 0, 2, Wizard_Spires
P 15404.4336, 3470.4785, -3.9354, 255, 255, 255, 2, Ogre_Holy_Circle
P 12836.8800, 1453.0000, 11.7500, 0, 128, 0, 2, Spinner_(Smithing)
P 13002.0000, 1515.0000, 13.3859, 0, 128, 0, 2, Dunin_(Merchant)
P 1869.0000, -962.0000, -9.4459, 0, 128, 0, 2, Maldin_the_Old_(Weapons)
P 1989.0000, -1048.0000, 0.7500, 0, 128, 0, 2, Chrislin_Baker_(Baker)
P 2002.0000, 3686.0000, 24.7500, 0, 128, 0, 2, Brenzl_McMannus_(Fletching)
P 2087.0000, -1008.0000, 3.0000, 0, 128, 0, 2, Tarnar_(Pottery)
P 2222.0000, 4011.0000, -47.7500, 0, 128, 0, 2, Sera_McMannus_(Smithing)
P 2344.0000, 4023.0000, -47.3800, 0, 128, 0, 2, Misla_McMannus_(Merchant)
P 2489.0000, 4034.0000, -61.6300, 0, 128, 0, 2, Analya_(Spells)
P 4223.0000, -488.0000, 9.0000, 0, 128, 0, 2, Ollysa_Bladefinder_(Weapons)
P 4364.0000, -431.0000, 9.0000, 0, 128, 0, 2, Alysa_(Tailor)
P 5542.0000, 2261.0000, -2.7480, 0, 128, 0, 2, Cleet_(Brewer)
P 5838.0000, 2850.0000, -2.9824, 0, 128, 0, 2, Henina_(Baker)
P 4417.0000, -326.0000, 1.5000, 0, 128, 0, 2, Innkeep_Rislarn_(General)
P 1131.3898, -17.7500, 0.0000, 255, 255, 255, 2, Kyle_Rinlin_(Roam)
P 13403.5000, 2988.5100, 36.6600, 255, 255, 255, 2, Renux_Herkanor
P 15075.5400, -1341.3100, 85.7400, 255, 255, 255, 2, Yiz_Pon
P 15170.0000, 4240.0000, -64.3800, 255, 255, 255, 2, Ryshon_Hunsti
P 1905.0000, -849.0000, -14.8800, 255, 255, 255, 2, Misty_Storyswapper
P 1909.0000, -955.0000, -13.8800, 0, 127, 127, 2, Guard_Gregor
P 2001.0000, 3668.0000, 23.7500, 255, 255, 255, 2, Mistrana_Two_Notes
P 1538.0000, -3.0000, -0.1300, 255, 255, 255, 2, Brother_Estle
P 2156.0598, -9.5499, 0.0000, 255, 255, 255, 2, Parcil_Vinder_(Roam)
P 2170.0000, 3603.0000, 32.0000, 255, 255, 255, 2, Junth_McMannus
P 2205.8398, 183.0099, 0.0000, 255, 255, 255, 2, Kobot_Dellin_(Roam)
P 2208.0000, 4112.0000, -65.1300, 255, 255, 255, 2, Lars_McMannus
P 2228.6074, 195.9311, -3.9145, 255, 255, 255, 2, Brother_Chintle_(Roam)
P 2335.0000, -990.0000, -0.1300, 255, 255, 255, 2, Lukas_Hergo
P 2921.7397, -11.4399, 0.0000, 255, 255, 255, 2, Grebin_Sneztop_(Roam)
P 3215.6895, -2.2799, 0.0000, 255, 255, 255, 2, Gomo_Limerin_(Roam)
P 3357.6096, -4.4699, 0.0000, 255, 255, 255, 2, Habastash_Gikin_(Roam)
P 3388.5396, -4.2799, 0.0000, 255, 255, 255, 2, Tolony_Marle_(Roam)
P 3681.5095, -7.5099, 0.0000, 255, 255, 255, 2, Lander_Billkin_(Roam)
P 5735.0000, 3013.0000, 17.7500, 255, 255, 255, 2, Cleet_Miller_Jr_(Roam)
P 5429.8800, 2439.0000, 1.6300, 255, 255, 255, 2, Tiny_Miller
P 539.9480, -5.3076, -6.9979, 255, 255, 255, 2, Quegin_Hadder_(Roam)
P 4988.0000, 3279.0000, 37.5000, 255, 255, 255, 2, Furball_Miller
P 5842.8800, 2856.0000, 0.8000, 255, 255, 255, 2, Henina_Miller_(Roam)
P 10905.0000, -1249.0000, 209.7500, 255, 255, 255, 2, Maligar
P 10930.0244, 3974.9814, -10.6362, 255, 255, 255, 2, Shady_Bandit
P 9350.0000, 3274.0000, 0.0000, 255, 255, 255, 2, Crow
P 6714.8506, -179.8225, 256.8278, 255, 255, 255, 2, Vilnius_the_Small
P 5133.6890, 111.7643, -22.7426, 255, 255, 255, 2, a_wandering_spirit_(Roam)
P 1643.3298, 38.5000, 0.0000, 255, 255, 255, 2, Brother_Trintle_(Roam)
P 8724.3672, -996.9266, 35.6642, 255, 255, 255, 2, unkempt_messenger
P 15381.2754, 403.3089, -0.6999, 255, 255, 255, 2, Oobnopterbevny_Biddilets_(Roam)
P 14734.2588, 2154.1396, -1.8999, 255, 255, 255, 2, Vellanna_Hesen
P 2352.8800, 3793.0000, 8.8800, 255, 255, 255, 2, Ulrich_McMannus
P 8904.6885, 1977.6299, -3.1415, 255, 255, 255, 2, Ghoul_Messenger_(Roam)
P 5575.8800, 3897.8800, -6.1300, 255, 255, 255, 2, Lempeck_Hargrin
P 5869.0000, 2739.0000, 0.0000, 255, 255, 255, 2, Sonagin_Fartide
P 5546.0000, 2265.0000, 0.8800, 255, 255, 255, 2, Tarnic_McWillows
P 4101.3354, -595.9402, 2.2377, 255, 255, 255, 2, Verastara_Dumont
P 7675.8800, 3685.8800, 2.1300, 255, 255, 255, 2, Tukk
P 7692.9727, 3735.7080, -2.2398, 255, 255, 255, 2, Minda
P 7643.8800, 3739.6300, 2.2500, 255, 255, 255, 2, Linaya_Sowlin
P 2323.0000, -1004.0000, -0.1300, 255, 255, 255, 2, Larkin_Tolman
P 2096.0000, 3803.0000, 6.5000, 255, 255, 255, 2, Einhorst_McMannus
P 2233.1196, 3532.9697, 34.1699, 255, 255, 255, 2, Frostbite
P 2439.0000, 526.0000, 43.3800, 255, 255, 255, 2, Konia_Swiftfoot
P 9255.8291, 3724.6997, -2.0599, 255, 255, 255, 2, Anderia
P 9290.0000, 3706.0000, -0.1300, 255, 255, 255, 2, Rongol
P 8969.7676, 1960.6298, 2.2999, 255, 255, 255, 2, Nevi_Jann
P 1373.0000, 2492.0000, 139.0000, 255, 255, 255, 2, Oobnopterbevny_Biddilets
P 2213.5793, 3655.3098, 21.1328, 0, 0, 240, 1, GS:_Egg
P 1985.5413, 3604.3342, 25.4805, 0, 0, 240, 1, GS:_Egg
P 1964.4910, 3689.8850, 17.0129, 0, 0, 240, 1, GS:_Egg
P 1994.4164, 3725.5310, 12.8793, 0, 0, 240, 1, GS:_Egg
P 4729.0850, 3712.4531, 0.5436, 0, 0, 240, 1, GS:_Egg
P 5564.5693, 3589.1572, 29.3854, 0, 0, 240, 1, GS:_Egg
P 4539.8887, 3192.9768, 34.9838, 0, 0, 240, 1, GS:_Egg
P 4836.7314, 3103.8271, 37.9593, 0, 0, 240, 1, GS:_Egg
P 5614.4541, 2886.3188, -2.2507, 0, 0, 240, 1, GS:_Egg
P 5676.2832, 2413.5908, -2.2368, 0, 0, 240, 1, GS:_Egg
P 5642.0649, 2530.0278, -2.2467, 0, 0, 240, 1, GS:_Egg
P 4373.4604, 2487.0183, 15.7868, 0, 0, 240, 1, GS:_Egg
P 4383.1377, 2637.0269, 12.2860, 0, 0, 240, 1, GS:_Egg
P 5485.7339, 2676.4604, -1.1080, 0, 0, 240, 1, GS:_Egg
P 5347.9443, 2814.4666, 12.7961, 0, 0, 240, 1, GS:_Egg
P 5184.3799, 2939.0244, 32.5454, 0, 0, 240, 1, GS:_Egg
P 5525.0024, 3477.2473, 35.8757, 0, 0, 240, 1, GS:_Egg
P 4979.7847, 3779.1865, 6.6863, 0, 0, 240, 1, GS:_Egg
P 2469.6953, 504.0454, 39.5673, 0, 0, 240, 1, GS:_Egg
P 4313.8525, 767.3494, 29.3793, 0, 0, 240, 1, GS:_Egg
P 10941.0000, -1191.0000, 212.2500, 255, 255, 255, 2, Nenika_Lightfoot
P 10936.0000, -1246.0000, 209.8800, 255, 255, 255, 2, Alzekar_Kerda
P 10892.0000, -1245.0000, 210.5000, 255, 255, 255, 2, Thurgen_Thunderhead
P 13396.0000, 3002.0000, 36.4700, 0, 127, 0, 2, Doreen_(General)
P 13384.5000, 2996.0000, 37.0400, 0, 127, 0, 2, Florence_(General)
P 13398.0000, 2986.0000, 37.5000, 0, 127, 0, 2, Gindlin_Toxfodder_(Poison)
P 1831.1752, -852.6470, -23.9123, 0, 127, 0, 2, Minya_Coldtoes_(Cloth_Armor)
P 11575.5420, -855.2208, 10.2444, 255, 255, 255, 2, Thrackin_Griften
P 8718.0000, 1267.0000, 172.0000, 255, 255, 255, 2, Froon
P 8778.0000, 1213.0000, 177.0000, 255, 255, 255, 2, Choon
P 9128.3428, 658.6331, 47.4037, 255, 255, 255, 2, Chief_Goonda
P 12461.5342, 692.0125, 133.8146, 177, 115, 0, 2, a_werewolf_bandit_(Hunter)
P 2046.8362, -1337.4208, 81.7288, 0, 0, 240, 2, GS:_Overripe_Pumpkin_(Night_of_the_Dead)
P 4417.5029, 3144.6887, 36.5940, 0, 127, 127, 2, Levy_Cullpay_(Nights_of_the_Dead_Quests)
