P -2203.8545, -579.7638, -113.2490, 255, 0, 0, 3, to_The_Lesser_Faydark
P -527.3383, 2058.1443, -111.1240, 255, 0, 0, 3, to_Ak`Anon
P -927.0610, 1358.1802, -111.6722, 255, 0, 0, 3, to_The_Plane_of_Knowledge_(Click_Book)
P -1667.8954, 1779.1930, -111.8179, 255, 0, 0, 2, Druid_Ring
P 1844.0000, 1515.0000, -109.0000, 0, 128, 0, 2, Finkel_Rardobaen_(Baking)
P -1655.0000, 1750.0000, -107.6300, 0, 128, 0, 2, Crisyn_(Spells)
P 618.0000, -43.0000, -107.0000, 0, 128, 0, 2, Godbin_Strumharp_(Smithing)
P 661.0129, -79.0000, -108.8909, 0, 128, 0, 2, Clockwork_(Fletching)
P 660.0072, -100.0000, -108.8909, 0, 128, 0, 2, Clockwork_(Fletching)
P 875.0077, -175.0000, -110.9506, 0, 128, 0, 2, Bom_(Tinkering)
P -429.0000, 1623.0000, -109.0000, 0, 128, 0, 2, Oren_Furdenbline_(Baking)
P -337.0000, 1786.0000, -109.0000, 0, 128, 0, 2, Glen_Garginburr_(Merchant)
P -666.2500, 1787.7500, -107.8800, 0, 128, 0, 2, Fodin_Frugrin_(Smithing)
P -829.0000, 1696.0000, -109.0000, 0, 128, 0, 2, Freed_Fimplefur_(Tailoring)
P -561.9344, 833.0000, -120.3238, 255, 255, 255, 2, Halv_(Guard)
P -553.2500, 1371.2500, -110.0000, 255, 255, 255, 2, Watchman_Dreeb
P -569.8800, 1860.8800, -110.0000, 255, 255, 255, 2, Watchman_Prynn
P -544.8800, 1861.0000, -110.0000, 255, 255, 255, 2, Watchman_Prenn
