P -50.0000, 130.0000, 1.5276, 240, 0, 0, 3, to_Innothule_Swamp
P 14.5000, -28.5000, 4.7000, 255, 0, 0, 2, Priest_of_Discord
P 0.0000, 100.0000, 0.0000, 255, 0, 0, 2, Succor
P 559.2000, -454.4000, 14.0000, 255, 210, 0, 2, Spinkit
P -182.1778, -219.6574, 2.0019, 128, 0, 128, 2, Oven
P 405.4850, -466.9569, -9.9969, 128, 0, 128, 2, Loom
P 399.3085, -534.8829, -9.9979, 128, 0, 128, 2, Oven
P 192.9175, -411.7655, -9.9979, 128, 0, 128, 2, Forge
P 218.3861, -532.3900, -25.9979, 128, 0, 128, 2, Troll_Forge_(Cultural)
P 159.2904, -491.4556, -9.9979, 128, 0, 128, 2, Kiln
P 142.5557, -440.8832, -9.9979, 128, 0, 128, 2, Pottery_Wheel
P 335.7311, -88.8412, 4.0019, 128, 0, 128, 2, Brew_Barrel
P 85.0000, -168.0000, 4.7000, 0, 240, 0, 2, Zignal_Luk_(Tribute_Master)
P -87.7000, -62.3000, 4.8000, 0, 0, 0, 2, Soulbinder_Snog_(Soulbinder)
P 91.8000, -387.4000, 3.5000, 0, 240, 0, 2, Grallvek_(Parcels_and_General)
P 412.0000, -683.0000, 3.0000, 0, 128, 0, 2, Okun_(Blacksmithing)
P 626.1700, -488.5200, 15.0000, 0, 128, 0, 2, Kramf_(Shadowknight_Spells)
P 620.6800, -520.4400, 13.1500, 0, 128, 0, 2, Crilt_(Shadowknight_Spells)
P 637.1300, -514.4100, 15.1000, 0, 128, 0, 2, Trusk_(Shadowknight_Spells)
P 1007.0000, -443.0000, 3.0000, 0, 128, 0, 2, Gluku_(Weapons)
P 207.0000, -502.5000, -5.3000, 0, 128, 0, 2, Garklog_(Baking)
P 237.6314, -511.2374, -9.9979, 0, 128, 0, 2, Iksopa_(Armor)
P 220.2000, -517.2000, -5.3000, 0, 128, 0, 2, Bimuk_(General)
P 393.1000, -367.8000, 4.7000, 0, 128, 0, 2, Tracab_(Beastlord_Spells)
P 397.0000, -347.0000, 3.0000, 0, 128, 0, 2, Tokun_(Shaman_Spells)
P 405.6000, -323.0000, 4.7000, 0, 128, 0, 2, Hoart_(Shaman_Spells)
P 415.0000, -301.0000, 4.7000, 0, 128, 0, 2, Barsk_(Shaman_Spells)
P 421.0000, -284.0000, 4.7000, 0, 128, 0, 2, Cralk_(Shaman_Spells)
P 438.0000, -301.2000, 4.7000, 0, 128, 0, 2, Korff_(Shaman_Spells)
P 495.0000, -329.0000, 4.7000, 0, 128, 0, 2, Zumzal_(General)
P 417.3000, -413.4000, 4.7000, 0, 128, 0, 2, Grabah_(Alchemy)
P 426.5000, -417.6000, 4.7000, 0, 128, 0, 2, Blergagg_(Alchemy)
P 446.0000, -427.5000, 4.7000, 0, 128, 0, 2, Glubtak_(Beastlord_Spells)
P 392.1000, -439.7000, -5.3000, 0, 128, 0, 2, Raztara_(Alchemy)
P 319.0000, -563.0000, 3.0000, 0, 128, 0, 2, Uzak_(Jewelcrafting)
P 429.2000, -17.2000, 54.7000, 0, 128, 0, 2, Chamt_(Shaman_Spells)
P 271.0000, -441.0000, 3.0000, 0, 128, 0, 2, Zazhar_(Fletching)
P 178.0000, -455.0000, 3.0000, 0, 128, 0, 2, Rezslog_(Jewlcrafting)
P 167.0000, -443.0000, -5.0000, 0, 128, 0, 2, Vynugga_(Pottery)
P 213.0000, -210.0000, 3.0000, 0, 128, 0, 2, Kagbkek_(General)
P 275.0000, -238.0000, 5.0000, 0, 128, 0, 2, Chopper_Brenga_(Baking)
P 306.0000, -141.0000, 3.0000, 0, 128, 0, 2, Gartonka_(Baking)
P 280.0000, -155.0000, 3.0000, 0, 128, 0, 2, Zatok_(Bar)
P 373.0000, -131.0000, 3.0000, 0, 128, 0, 2, Wista_(General)
P 396.0000, -50.0000, 3.0000, 0, 128, 0, 2, Graktak_(Satchels)
P 31.0000, -233.0000, 3.0000, 0, 128, 0, 2, Ootok_(General)
P -137.0000, -202.0000, 3.0000, 0, 128, 0, 2, Luruk_Dridor_(Berserker_Tomes)
P 119.0000, -311.0000, 3.0000, 128, 128, 128, 2, Hergor_(Warrior_GM)
P 121.2014, -260.6825, 2.3271, 128, 128, 128, 2, Kraiga_(GM_Warrior)
P 225.0000, -219.0000, 3.0000, 128, 128, 128, 2, Gralok
P 633.0000, -615.0000, 15.0000, 128, 128, 128, 2, Rohga_(Shadowknight_GM)
P 906.0000, -485.0000, 14.7000, 128, 128, 128, 2, Treskar_(Shadowknight_GM)
P 959.0000, -511.0000, 14.7000, 128, 128, 128, 2, Hukulk_(Shadowknight_GM)
P 1027.0000, -443.0000, 15.0000, 128, 128, 128, 2, Vergad_(Shadowknight_GM)
P 458.2227, -346.7506, 0.0019, 128, 128, 128, 2, Jocka_(GM_Shaman)
P 488.0000, -16.0000, 53.0000, 128, 128, 128, 2, Kaglari_(Shaman_GM)
P 462.0000, 67.0000, 75.0000, 128, 128, 128, 2, Bregna
P 416.4000, 4.9000, 74.7000, 128, 128, 128, 2, Gardunk
P 495.0000, 5.0000, 74.0000, 128, 128, 128, 2, Urako
P 168.0000, -305.0000, 27.0000, 128, 128, 128, 2, Ranjor_(Warrior_GM)
P -137.0000, -240.0000, 3.0000, 128, 128, 128, 2, Daboo_Dogak_(Berserker_GM)
P 308.2248, -172.4781, 4.0019, 240, 240, 240, 2, Gunthak`s_Betch
P 445.9103, -676.4065, -9.9979, 240, 240, 240, 2, Nightkeep
P 301.0000, -390.0000, -5.2000, 0, 127, 0, 2, Jarlok_(Armor)
P 207.0186, -476.3158, -9.9979, 240, 240, 240, 2, Krungs_Clubs_+_Junk
P 569.5000, -612.0000, -5.3000, 0, 0, 0, 2, Rasrok_the_Blotched
P 432.0156, -594.5890, -9.7365, 0, 127, 0, 2, Sanfik_(Weapons)
P 89.8164, -288.1685, 0.2623, 240, 240, 240, 2, Da_Bashn_Place
P 454.8750, 100.3750, 75.9696, 240, 240, 240, 2, Jail
P 428.0000, 58.0000, 73.0000, 0, 0, 0, 2, Savarixsa_Zexus
P 472.5000, -60.4000, 54.7000, 0, 0, 0, 2, Prashnak
P 168.0000, -224.0000, 5.0000, 0, 0, 0, 2, Goldush
P -102.6000, -219.4000, -5.3000, 0, 0, 0, 2, Blorgok_Gkapbron
P -75.1000, -211.2000, -5.3000, 0, 0, 0, 2, Grigdor
P 201.0000, -433.0000, 3.0000, 0, 127, 0, 2, Hartok_(Weapons)
P 239.0000, -433.0000, 3.0000, 0, 127, 0, 2, Tangiz_(Weapons)
P 235.8000, -361.9000, -5.3000, 0, 127, 0, 2, Beztopi_(Armor)
P 194.6000, -364.5000, -5.3000, 0, 127, 0, 2, Bukton_(Armor)
P 219.6000, -618.8000, -24.5000, 0, 0, 0, 2, Exterminator_Filrog
P 446.3000, -684.4000, -5.3000, 0, 127, 0, 2, Ungia_(Smithing)
P 641.0000, -583.0000, 14.7000, 0, 0, 0, 2, Kugaran
P 456.0000, -379.0000, 12.0000, 0, 0, 0, 2, Carver_Cagrek
P 488.0813, -397.9267, 0.0019, 0, 127, 0, 2, a_spell_research_merchant_(Research)
P 434.8000, -423.6000, 4.7000, 0, 0, 0, 2, Gargh
P 406.3000, -411.2000, 4.7000, 0, 127, 0, 2, Bahagg_(Alchemy)
P 390.9000, -406.6000, 4.7000, 0, 127, 0, 2, Blergrab_(Alchemy)
P 557.9357, -440.1004, 10.0989, 240, 240, 240, 2, 1st_Bank_of_Grobb
P 458.4645, -53.0834, 49.9707, 240, 240, 240, 2, The_Dark_Ones
