P -103.1773, -62.4914, 0.0009, 255, 0, 0, 3, to_Highpass_Hold
P -99.1078, 90.8793, 0.0009, 255, 0, 0, 3, to_Highpass_Hold
P -88.0000, 16.0000, 0.0000, 255, 0, 0, 2, Succor
P 338.0000, 29.0000, -10.1300, 255, 210, 0, 2, Bank_Clerk_Jaylin
P 236.6711, -28.7944, 30.0009, 128, 0, 128, 2, Oven
P 223.3842, -56.1884, 26.0009, 128, 0, 128, 2, Brew_Barrel
P 324.0000, 54.0000, 29.7500, 0, 128, 0, 2, Dealer_Shonta_(Bartender)
P 260.0000, -46.0000, 29.7500, 0, 128, 0, 2, Baker_Jena_(Baking)
P 221.0000, -62.0000, 3.7500, 0, 128, 0, 2, Justin_Ryhmes_(Spells)
P 223.0000, -65.0000, 3.7500, 0, 128, 0, 2, Tarn_Visilin_(Spells)
P 187.0000, 77.0000, 0.0009, 0, 128, 0, 2, Clerk_(Brewer)
P 364.0000, -3.0000, -10.1300, 0, 0, 0, 2, Jail_Clerk_Maryl
P 375.0000, 70.0000, -10.1300, 0, 128, 0, 2, Treasurer_Lynn
P 294.0000, 97.0000, 3.7500, 0, 128, 0, 2, Merchant_Edina_(Jewelcrafting)
P 356.8800, 42.0000, 3.7500, 128, 128, 128, 2, Ran_Flamespinner
P 250.8351, 103.1589, 3.7961, 0, 0, 255, 1, GS:_Royal_Linens
P 273.0000, -42.0000, -10.1300, 0, 127, 0, 2, Miner_Harton_(Smithing)
P 267.0000, -29.0000, -10.1300, 0, 127, 0, 2, Grahm_Embersmith_(Smithing)
P 570.1170, 39.3470, -13.9979, 240, 240, 240, 2, Jail
P 546.0000, 52.0000, -10.1300, 0, 0, 0, 2, Osargen
P 485.7267, -179.7367, -13.9979, 0, 0, 0, 2, Princess_Lenia
P 380.1178, -65.6733, -13.9979, 240, 240, 240, 2, Torture_Chamber
P 320.0000, -89.0000, -10.1300, 0, 0, 0, 2, Flayer_Hopkins
P 309.7960, -89.5616, -13.9979, 0, 0, 0, 2, Dyrna_N`lith
P 331.0000, -139.0000, -11.1300, 0, 0, 0, 2, Purchin_Oddsbot
P 309.0000, -145.0000, -11.1300, 0, 0, 0, 2, Rodrick_Marslett
P 46.0000, -9.0000, -2.1300, 0, 0, 0, 2, Lislia_Goldtune
P 331.1090, 72.7854, 26.0019, 240, 240, 240, 2, King`s_Court
P 243.8048, -49.9404, 26.0019, 240, 240, 240, 2, Kitchen
P 319.0000, -69.0000, 34.0000, 0, 0, 0, 2, Storm_Dragonchaser
P 329.0000, -70.0000, 34.0000, 0, 0, 0, 2, Starr_DreamSpinner
P 296.0000, 19.0000, 53.6300, 0, 0, 0, 2, Tearon_Bleanix
P 306.3627, 37.4964, 49.9706, 240, 240, 0, 2, Locked_Door_(Picklock_50?)
P 232.7640, 26.7042, 69.9706, 240, 240, 0, 2, Fake_Wall
P 186.0622, -102.7117, 69.9706, 240, 240, 0, 2, Fake_Wall
P 226.9224, -131.2935, 69.9706, 240, 240, 0, 2, Secret_Door_(click)
P 342.0543, -91.9145, 69.9706, 240, 240, 240, 2, Treasure_Room
P 165.3672, -78.7527, 61.9706, 0, 0, 0, 2, a_lady_in_waiting
P 85.5409, -22.1583, 61.9706, 0, 0, 0, 2, Lady_McCabe
P 59.8997, -27.1345, 61.9706, 240, 240, 240, 2, Porch
P 87.0000, 78.0000, 65.6300, 0, 0, 0, 2, Mistress_Anna
P 220.5559, 92.5252, 69.9706, 240, 240, 0, 2, Fake_Wall
P 342.8472, 81.6079, 69.9706, 240, 240, 240, 2, Treasure_Room
P -31.0000, -37.0000, -2.1300, 0, 127, 0, 2, Merchant_Dominik_(General)
P 14.3748, 76.5806, -5.9979, 0, 0, 0, 2, Lucky_the_Beggar
P 319.0000, -65.0000, 3.7500, 0, 0, 0, 2, Aeris_Greymalkyn
P 307.0850, -15.5236, 49.9706, 0, 0, 0, 2, Lozani
P 339.8861, -36.1958, 26.0019, 0, 0, 0, 2, Isabella_Cellus
P 304.6392, 55.7805, 26.0019, 0, 0, 0, 2, Isabella_Cellus
P 326.0000, 101.0000, 29.7500, 0, 127, 0, 2, Dealer_Maeline_(Brewing)
P 331.0000, 38.0000, -10.5000, 0, 0, 0, 2, Assistant_Kiolna
P 339.7807, 49.6231, -13.9979, 240, 240, 240, 2, High_Keep_Bank
P 459.3920, -154.1249, -12.9979, 240, 240, 240, 2, High_Keep_Prison
P 100.7465, -36.7531, -43.9667, 240, 240, 240, 2, The_High_Keep_Mines
