P -2708.1391, -2344.7348, 92.4961, 255, 0, 0, 3, to_The_Arena
P -1180.0000, -4250.0000, 0.0000, 255, 0, 0, 3, to_The_Southern_Plains_of_Karana
P 2282.0000, -2518.0000, 1.7509, 255, 0, 0, 3, to_The_Rathe_Mountains
P -1213.0000, -4183.0000, 0.0000, 255, 0, 0, 2, Succor
P -134.0000, -2790.0000, 0.0000, 255, 255, 255, 2, Underwater_Tower
P -2081.1640, -3769.6308, -16.7464, 255, 255, 255, 2, Guard_Tower
P -450.0000, 424.0000, 53.6300, 0, 128, 0, 2, Dreana_(Merchant)
P -637.0000, 507.0000, 54.2500, 0, 128, 0, 2, Srynda_(Merchant)
P -657.0000, 433.0000, 53.6300, 0, 128, 0, 2, Abrod_(Bar)
P 1815.0000, -3126.0000, 56.0000, 0, 128, 0, 2, Turga_(Merchant)
P 920.0000, -211.0000, 0.0000, 255, 255, 255, 2, Aviaks
P -1198.0000, -3813.0000, 0.0000, 255, 255, 255, 2, Ruins_of_Murdunk`s_Army_Outpost
P 1806.6708, -2386.1269, 51.4284, 240, 240, 240, 2, Bandit_Camp
P 551.0000, -2623.0000, 11.8800, 0, 0, 0, 2, Eldreth
P 1805.1796, -3064.9201, 51.4331, 240, 240, 240, 2, Ogre_Camp
P 1113.9069, -3536.2299, 52.2744, 240, 240, 240, 2, Bandit_Camp
P 646.9347, -3492.5053, -29.5752, 240, 240, 240, 2, Orc_Camp
P -153.0000, -3644.0000, 54.6300, 0, 0, 0, 2, Turgan
P 680.0000, -2760.0000, -27.0000, 0, 0, 0, 2, Kanthurn
P -136.0000, -2780.0000, -370.0000, 0, 0, 0, 2, Deep
P -982.7250, -2485.9809, 105.0254, 240, 240, 240, 2, Aviak_Watch_Tower
P -2803.9375, 202.4183, -19.1992, 240, 240, 240, 2, Aviaks
P -2417.8800, 942.8800, -14.2500, 0, 0, 0, 2, Jonah_Brucker
P -2215.0000, -249.0000, 54.2500, 0, 0, 0, 2, Kyralynn
P -2236.2062, -701.8989, -3.5137, 240, 240, 240, 2, Barbarian_Fishing_Village
P -2396.4572, -612.5170, 51.4271, 0, 0, 0, 2, Rondel
P -2391.6896, -764.7839, 51.4261, 0, 0, 0, 2, Aija
P -2129.1198, -591.7802, 2.6895, 0, 0, 0, 2, Hruthgar
P -2124.6596, -642.1531, 1.8360, 0, 0, 0, 2, Grinda
P -2133.0000, -746.0000, -36.0000, 0, 0, 0, 2, Brundar
P -2186.0000, -771.0000, -42.0000, 0, 0, 0, 2, Lorud
P -2196.0000, -779.0000, -42.3800, 0, 0, 0, 2, Tralinda
P -1171.3300, -3838.6010, -5.1102, 127, 64, 0, 2, a_gnoll_emblamer_(Hunter)
P 583.5181, -3579.5939, 49.9729, 0, 0, 0, 2, Lenklo
P 594.6196, -3582.1403, 50.2408, 0, 0, 0, 2, Groethar
P 605.6041, -3584.3444, 50.4738, 0, 0, 0, 2, Hulga
P 608.1330, -3595.1535, 54.7715, 0, 0, 0, 2, Deillia
P 620.2473, -3500.6525, -30.4982, 0, 0, 240, 1, GS:_Abandoned_Orc_Shovel
P 0.0000, -3614.0000, 58.8800, 0, 0, 0, 2, Shmendrik_Lavawalker
P -146.0000, -3618.0000, 54.5000, 0, 0, 0, 2, Jorna
P -1532.0000, -67.0000, -227.8800, 0, 0, 0, 2, #Guja_Master_Therik
P -619.9517, 439.2296, 51.4397, 240, 240, 240, 2, Gypsy_Camp
P -604.5661, 477.5082, 51.4366, 127, 127, 0, 2, Elsabet_(Parcels)
P -563.0000, 463.0000, 53.6300, 0, 0, 0, 2, Dunndrylla
P 651.2500, -958.5000, -21.2500, 0, 0, 0, 2, Rykas
P 1460.0000, -256.0000, 55.2500, 0, 0, 0, 2, Emkel_Kabae
P 1589.0000, -342.0000, 54.8800, 0, 0, 0, 2, Kazen_Fecae
P 1243.3953, 27.6442, 54.3042, 240, 240, 240, 2, Stone_Skeleton_Tower
P 894.1300, -2573.6300, -31.6300, 0, 0, 0, 2, Taia_Lyfol
P -150.5622, -2777.2919, -374.8998, 0, 0, 0, 2, Lord_Bergurgle
P -131.0543, -2783.6154, -375.2726, 0, 0, 240, 1, GS:Rod
P -2064.0817, -1329.9313, -22.5643, 0, 0, 0, 2, a_fallen_student
P -2145.0000, -188.0000, 57.2500, 0, 0, 0, 2, Vrynn
P -2404.4372, -521.1984, 54.5251, 0, 0, 0, 2, Tabitha
P 1785.0000, -3053.0000, 55.5000, 0, 0, 0, 2, Trug
P 1833.0000, -3065.0000, 55.5000, 0, 0, 0, 2, Grud
P 1795.0000, -3080.0000, 55.5000, 0, 0, 0, 2, Punga
P 1434.3800, -2423.8800, -51.2500, 0, 0, 0, 2, Derg
