P -3359.8696, 1117.2453, 2.8122, 255, 0, 0, 3, to_The_Castle_of_Mistmoore
P 2177.0000, -918.0000, -3.2509, 255, 0, 0, 3, to_The_Steamfont_Mountains
P 1183.1447, -2144.5810, 1.5275, 255, 0, 0, 3, to_The_Greater_Faydark
P 1770.0000, 108.0000, 0.0000, 255, 0, 0, 2, Succor
P -3798.0000, 753.0000, 0.0000, 255, 255, 0, 2, Instance_(LDoN_Crypt_Entrance)
P -3843.0000, 67.0000, -53.0000, 255, 255, 0, 2, Instance_(LDoN_Grave_Entrance)
P -3726.3596, 97.6471, -1.1202, 0, 0, 240, 1, GS:_Morning_Dew
P 1818.4422, -1153.4052, 14.4679, 0, 0, 240, 1, GS:_Morning_Dew
P -584.0962, 297.5141, 31.9178, 0, 0, 240, 1, GS:_Morning_Dew
P 1827.0000, 350.0000, 0.0000, 255, 255, 255, 2, Shadowmen_Camp
P -3430.6494, 23.1186, -4.1451, 240, 240, 240, 2, Wayfarer_Camp
P 576.0000, 215.0000, 0.0000, 255, 255, 255, 2, Orc_Camp
P -1143.0000, 897.0000, 0.0000, 255, 255, 255, 2, Dark_Elf_Camp
P -1253.0000, 278.0000, 0.0000, 255, 255, 255, 2, Ranger_Outpost
P -2271.0000, -42.0000, 0.0000, 255, 255, 255, 2, Undead_Area
P -2065.0000, -1467.0000, 0.0000, 255, 255, 255, 2, Bandit_Camp
P -2854.0000, -1356.0000, 0.0000, 255, 255, 255, 2, Pixie_Area
P -3059.0000, -1788.0000, 0.0000, 255, 255, 255, 2, Brownie_Village
P -3163.0000, 798.0000, 0.0000, 255, 255, 255, 2, Fae_Drake_Area
P -332.0000, -215.0000, 0.0000, 255, 255, 255, 2, Orc_Area
P -3607.0000, -1089.0000, 0.0000, 255, 255, 255, 2, Faerie_Court
P -3088.0000, -1790.0000, -1.3636, 0, 128, 0, 2, Brownie_(Merchant)
P -1242.5000, 306.1300, -1.5000, 0, 128, 0, 2, Anelia_Thrywiel_(Merchant)
P -1262.0000, -261.0000, -29.6300, 0, 0, 0, 2, Glyndur_Tindel
P -2557.0000, -63.0000, -6.7500, 0, 0, 0, 2, Glidara_Myllar
P -2689.0000, 804.0000, 0.0000, 0, 0, 0, 2, Nybright_Sisters
P -666.5692, -510.1370, -4.5879, 0, 0, 0, 2, Leaf_Dao
P 963.2426, -1854.3875, -10.7030, 0, 0, 0, 2, Rainbethel_Geogo
P 1701.0000, -1060.0000, -3.1300, 0, 0, 0, 2, Happ_Dremblenod
P 1705.0000, -1079.6300, -3.0000, 0, 0, 0, 2, Cognoggin
P -3445.6887, -76.6951, -7.2644, 0, 0, 0, 2, Tera_Farkeep
P -3188.8076, 787.0578, -5.0280, 0, 0, 0, 2, Rithenmon_Dogain
P -1219.0000, 289.0000, -1.8800, 0, 0, 0, 2, Vynn_Thrildur
P -774.6446, -1590.0678, -3.5141, 0, 0, 0, 2, Mithious_Scratch
P -2941.8928, -1935.2967, 11.6777, 0, 0, 0, 2, Telara
P -1668.0000, 559.0000, 0.0000, 0, 0, 0, 2, Orc_Chief
P -2246.6042, -42.5652, -3.7388, 0, 0, 0, 2, Larik_Z`Vole
P 1178.1535, -1772.4389, -5.0290, 0, 0, 0, 2, Nitalla
P -3618.2434, -1094.7845, -4.1680, 0, 0, 0, 2, Princess_Joleena
P -3618.0400, -1090.4300, -1.0300, 0, 0, 0, 2, Gearheart
P 1674.6037, -1071.3041, -4.3469, 0, 0, 0, 2, Trudo_Frugrin
P 1670.0000, -1074.0000, -2.3800, 0, 0, 0, 2, Bin_Fiddlekins
P 1708.0000, -1044.0000, -2.1300, 0, 0, 0, 2, Saben_Tucross
P 1608.1799, -1056.5616, 0.9728, 0, 0, 0, 2, Grynnaf_Einoom
P 1894.0000, -192.0000, -50.8800, 0, 0, 0, 2, Scout_Rahjiq
P -18.3978, 224.7532, 3.8045, 127, 64, 0, 2, Crookstinger_(Hunter,Roam)
P -814.8691, 248.7839, -5.0290, 127, 64, 0, 2, Mina_Glimmerwing_(Hunter,Roam)
P -3388.2590, 69.5789, -3.4408, 127, 64, 0, 2, Old_Dimshimmer_(Hunter,Roam,HS)
P -2426.0000, -750.0000, -26.5000, 127, 64, 0, 2, Queen_Nasheeji
P -2469.7446, -1058.2603, 28.9685, 127, 64, 0, 2, Whimsy_Larkwitter_(Hunter,Roam,HS)
