P 96.2356, 379.5125, 0.6259, 255, 0, 0, 3, to_The_Feerrott
P 99.0000, 345.0000, 0.0000, 255, 0, 0, 2, Succor
P -214.0000, 283.0000, 34.5000, 255, 0, 0, 2, Priest_of_Discord
P 268.5478, -238.6592, 5.2819, 240, 240, 240, 2, Death`s_Rain_Tavern
P 43.7651, -334.8382, 12.0019, 240, 240, 240, 2, Greenblood_Rock
P 261.1300, 11.0000, -5.2500, 255, 210, 0, 2, Ungral_Silverstomp_(Banker)
P -1006.0000, -628.0000, 81.5000, 0, 128, 0, 2, Cralk_(Shaman_Spells)
P -1061.8800, -262.8800, 81.5000, 0, 128, 0, 2, Brogdog_(Beastlord_Spells)
P -1074.8800, -322.8800, 81.5000, 0, 128, 0, 2, Rognok_(Beastlord_Spells)
P -1083.0000, -611.0000, 81.5000, 0, 128, 0, 2, Chamt_(Shaman_Spells)
P -4.0000, -397.0000, 5.6300, 0, 128, 0, 2, Trusk_(Shadow_Knight_Spells)
P -11.0000, -273.0000, 5.6300, 0, 128, 0, 2, Iksob_Darkchaser_(Weapons)
P -378.0000, -220.0000, 61.5000, 0, 128, 0, 2, Brokk_Boxtripper_(Satchels)
P -476.0000, -446.0000, 5.6300, 0, 128, 0, 2, Cikoona_(Weapons)
P -496.0000, 329.0000, 47.5000, 0, 128, 0, 2, Praak_(Fletching)
P -490.0000, -512.0000, 5.6300, 0, 128, 0, 2, Grop_(Armor)
P -655.0000, -500.0000, 5.6300, 0, 0, 0, 2, Soulbinder_Trurg_(Soulbinder)
P -677.0000, -267.0000, 5.6300, 0, 128, 0, 2, Sinsaal_(General)
P -684.0000, -659.0000, 5.6300, 0, 128, 0, 2, Uoola_(Armor)
P -693.0000, -627.0000, 5.6300, 0, 128, 0, 2, Gretamog_(Tailoring)
P -756.0000, -238.0000, 5.6300, 0, 128, 0, 2, Kerplooe_Dirtcarver_(Pottery)
P -782.0000, -332.0000, 40.6300, 0, 128, 0, 2, Gralbug_(Smithing)
P -846.0000, -95.0000, 40.6300, 0, 128, 0, 2, Puglala_(Smithing)
P -849.0000, -821.0000, 40.6300, 0, 128, 0, 2, Hrak_(General)
P -881.0000, -75.0000, 40.6300, 0, 128, 0, 2, Brana_(Weapons)
P -915.0000, -191.0000, 40.6300, 0, 128, 0, 2, Blergerda_(Smithing)
P -977.0000, -647.0000, 81.5000, 0, 128, 0, 2, Squeea_(Weapons)
P 2.0000, 243.0000, 5.6300, 0, 128, 0, 2, Angrog_(General)
P -1.0000, -83.0000, -25.2500, 0, 128, 0, 2, Snarg_Bonesmacker_(Weapons)
P 133.0000, -363.0000, 5.6300, 0, 128, 0, 2, Duuga_Tearstopper_(Armor)
P 138.0000, -250.0000, 5.6300, 0, 128, 0, 2, Lopuka_(Armor)
P 176.0000, -548.0000, 5.6300, 0, 128, 0, 2, Crunga_(General)
P 198.0000, -242.0000, 5.6300, 0, 128, 0, 2, Zarg_Knightbane_(Armor)
P 202.0000, -368.0000, 5.6300, 0, 128, 0, 2, Juk_Hidebeater_(Armor)
P 211.0000, -288.0000, 5.6300, 0, 128, 0, 2, Bubbgrib_(Smithing)
P 211.5000, -324.6300, 5.6300, 0, 128, 0, 2, Varrok_Neckchopper_(Weapons)
P 235.0000, -182.0000, 5.6300, 0, 128, 0, 2, Korgarg_Swillchugger_(Brewing)
P 280.0000, -318.0000, 5.6300, 0, 128, 0, 2, Sheerie_Oglarum_(Berserker_Tomes)
P 372.0000, -212.0000, 5.6300, 0, 128, 0, 2, Rora_Dirtstamp_(Weapons)
P 389.0000, -287.0000, 5.6300, 0, 128, 0, 2, Garakbar_(Alchemy)
P 6.0000, -272.0000, 5.6300, 0, 128, 0, 2, Crilt_(Shadow_Knight_Spells)
P 45.0000, -356.0000, 17.6300, 128, 128, 128, 2, Bonlarg_(Shadow_Knight_GM)
P 47.0000, -313.0000, 17.6300, 128, 128, 128, 2, Ruksa_(Shadow_Knight_GM)
P 66.0000, -36.0000, -25.2500, 128, 128, 128, 2, Lork_(Warrior_GM)
P 42.0000, -335.0000, 17.6300, 128, 128, 128, 2, Soonog_(Shadow_Knight_GM)
P 26.0000, 71.0000, -25.2500, 128, 128, 128, 2, Kogna_(Warrior_GM)
P -983.0000, -630.0000, 81.5000, 128, 128, 128, 2, Zulort_(Shaman_GM)
P -74.0000, -26.0000, -25.2500, 128, 128, 128, 2, Guntrik_(Warrior_GM)
P -806.0000, -731.8800, 40.6300, 128, 128, 128, 2, Fuga_(Shaman_GM)
P -38.0000, 68.0000, -25.2500, 128, 128, 128, 2, Horgus_(Warrior_GM)
P -1096.0000, -653.0000, 81.5000, 128, 128, 128, 2, Marda_(Shaman_GM)
P -1162.0000, -254.0000, 81.6300, 128, 128, 128, 2, #Bordag_(Beastlord_GM)
P -877.8800, -746.8800, 40.6300, 128, 128, 128, 2, Jargo_(Shaman_GM)
P -51.9753, -332.0526, 4.6884, 255, 255, 255, 2, Greenblood_Guild
P 162.7026, -328.5000, 4.6884, 255, 255, 255, 2, Lether_Armer
P 166.4547, -284.2500, 4.6884, 255, 255, 255, 2, Metil_Armer
P 308.8635, -193.3125, 4.6884, 255, 255, 255, 2, Meet_and_Drink_Tew_Bie
P 219.3703, 11.1051, -6.3114, 255, 255, 255, 2, Oggok`s_Keep
P -575.0000, -464.0000, 5.6300, 0, 240, 0, 2, Klob_Pulp_(Parcels_and_General)
P 256.3409, -256.6880, 1.5247, 155, 0, 155, 2, Brewing_Barrel
P -691.1914, -292.1087, 1.5234, 155, 0, 155, 2, Kiln
P -682.8018, -281.2006, 1.5293, 155, 0, 155, 2, Pottery_Wheel
P -704.0942, -699.0743, 1.5300, 155, 0, 155, 2, Community_Loom
P 200.3045, -270.2069, 1.5224, 155, 0, 155, 2, Forge
P -925.9688, -145.6881, 36.5295, 155, 0, 155, 2, Ogre_Forge_(Cultural)
P 226.6089, 8.4867, -9.3802, 0, 240, 0, 2, Garu_(Parcels)
P 0.0000, 82.0000, -25.2500, 0, 0, 0, 2, Gronk
P 243.0000, -201.0000, 5.6300, 0, 127, 0, 2, Chef_Dooga_(General)
P 249.0000, -262.0000, 5.6300, 0, 127, 0, 2, Clurg_(General)
P 183.0000, -512.0000, 5.6300, 0, 127, 0, 2, Erung_(General)
P 400.5591, -235.7640, 0.0019, 0, 127, 0, 2, Garakpor_(Alchemy)
P 403.1475, -259.1318, 0.0019, 0, 127, 0, 2, Bardopa_(Alchemy)
P 364.0000, -281.0000, 5.6300, 0, 127, 0, 2, Pordopa_(Alchemy)
P 265.0000, -260.0000, 5.6300, 0, 127, 127, 2, Bouncer_Krik
P 10.0000, -365.0000, 6.6300, 0, 0, 0, 2, Mooglan
P -20.0000, -380.0000, 5.6300, 0, 127, 0, 2, Kramf_(Shadow_Knight_Spells)
P -27.0000, -311.0000, 6.6300, 127, 127, 127, 2, Grevak_(Shadow_Knight_GM)
P 9.8800, -597.8800, 22.6300, 0, 0, 0, 2, Kizrak_the_Tyrant
P -1049.0000, -628.0000, 81.5000, 0, 0, 0, 2, Murak
P -1096.0000, -634.0000, 81.5000, 0, 127, 0, 2, Tokun_(Shaman_Spells)
P -1090.0000, -669.0000, 81.5000, 0, 127, 0, 2, Hoart_(Shaman_Spells)
P -1067.0000, -672.0000, 81.5000, 0, 127, 0, 2, Korff_(Shaman_Spells)
P -1049.0000, -669.0000, 81.5000, 0, 127, 0, 2, Barsk_(Shaman_Spells)
P -1025.0319, -644.9125, 75.9706, 0, 127, 0, 2, a_spell_research_merchant_(Research)
P -1166.0000, -540.0000, 81.5000, 0, 0, 0, 2, Bozlum_Blossom
P -1140.0000, -431.0000, 81.5000, 0, 0, 0, 2, Grapok
P -1139.0000, -352.0000, 81.5000, 0, 0, 0, 2, Bouncer_Gronk
P -1139.0000, -237.0000, 81.5000, 0, 0, 0, 2, Bakrishal
P -743.0000, -225.0000, 5.6300, 0, 127, 0, 2, Helgara_Dirtcarver_(Pottery)
P -483.3975, -92.8954, 2.9212, 0, 0, 0, 2, Exterminator_Glurg
P 33.9661, -18.8406, -53.3358, 240, 240, 240, 2, Ladder
P 171.8083, 1.2581, -62.1374, 240, 240, 240, 2, Ladder
