P 2.1667, 2908.2719, -766.4866, 255, 0, 0, 3, from_The_Plane_of_Tranquility
P 1.0000, 2915.0000, -766.4838, 255, 0, 0, 2, Succor
P 1295.6999, 642.9429, -384.0000, 255, 255, 0, 2, to_The_Protector_of_Dresolik
P 366.1469, -300.4709, 0.0000, 255, 255, 0, 2, to_Rizlona
P 0.0000, 854.3538, -480.0000, 255, 255, 0, 2, to_Solusek_Ro
P -367.1909, -300.2719, 0.0000, 255, 255, 0, 2, to_Arlyxir
P -211.9409, -671.9039, -384.0000, 255, 255, 0, 2, to_Jiva
P -1835.8988, 314.5909, 336.0000, 255, 255, 0, 2, return
P -1295.9158, 642.1619, -384.0000, 255, 255, 0, 2, to_Xuzl
P -215.7429, -1478.4407, -72.0000, 255, 255, 0, 2, return
P 943.7869, -2663.9467, -912.0000, 255, 255, 0, 2, return
P 2094.0480, -58.9549, -1104.0000, 255, 255, 0, 2, return
P -1570.4707, -1944.5358, 624.0000, 255, 255, 0, 2, return
P -79.8800, 2220.5000, -766.0000, 0, 0, 0, 2, Neerin
P -696.3389, -1512.2719, -168.0000, 0, 0, 0, 2, Guardian_of_Dresolik
P -700.2559, -1651.4859, -168.0000, 0, 0, 0, 2, Guardian
P -829.5048, -1652.1697, -168.0000, 0, 0, 0, 2, Guardian
P -836.5749, -1519.5308, -168.0000, 0, 0, 0, 2, Guardian_of_Dresolik
P -762.5763, -1232.4833, -454.4752, 0, 0, 0, 2, Zrexul
P -900.5907, -1660.5950, -358.4767, 0, 0, 0, 2, Balrezu
P -1058.4650, -1654.3786, -358.4692, 0, 0, 0, 2, Instadis
P -769.7194, -2350.3964, -262.1997, 0, 0, 0, 2, Quazlith
P -1115.1477, -1923.4517, -166.4476, 0, 0, 0, 2, Naelizar
P -904.2223, -1937.8437, -166.4659, 0, 0, 0, 2, Grezou
P -1727.0000, -683.0000, 594.5000, 0, 0, 0, 2, Galremos
P -1004.8613, -1779.3959, -166.4706, 0, 0, 0, 2, Veleroth
P -1726.0000, -1684.0000, 636.5000, 240, 127, 0, 2, Arlyxir
P 2253.0000, 258.0000, -1079.3800, 240, 127, 0, 2, Jiva
P -613.1486, -1584.1414, -166.4384, 240, 127, 0, 2, The_Protector_of_Dresolik_(Raid)
P 1104.0000, -2384.0000, -905.6300, 240, 127, 0, 2, Rizlona
P 0.0000, 1591.0000, 269.5000, 240, 127, 0, 2, Solusek_Ro
P -1835.0000, 717.0000, 316.3800, 240, 127, 0, 2, Xuzl
P 2281.0270, 2124.7250, -1270.4815, 127, 64, 0, 2, a_radiant_guardian_(Hunter)
P -475.5989, -1999.9285, -359.9977, 127, 64, 0, 2, a_runed_giant_(Hunter)
P -729.3380, -1242.5264, -454.4832, 127, 64, 0, 2, a_sweltering_mephit_(Hunter)
P -24.5950, 680.0053, -479.9978, 240, 0, 0, 3, to_Doomfire,_the_Burning_Lands
